0.000000	0.00034591
0.003752	0.00041158
0.007504	0.00048697
0.011256	0.00057293
0.015008	0.00067028
0.018759	0.00077977
0.022511	0.00090205
0.026263	0.00103764
0.030015	0.00118692
0.033767	0.00135005
0.037519	0.00152698
0.041271	0.00171740
0.045023	0.00192072
0.048774	0.00213605
0.052526	0.00236218
0.056278	0.00259759
0.060030	0.00284041
0.063782	0.00308850
0.067534	0.00333940
0.071286	0.00359042
0.075038	0.00383863
0.078789	0.00408095
0.082541	0.00431423
0.086293	0.00453523
0.090045	0.00474081
0.093797	0.00492789
0.097549	0.00509361
0.101301	0.00523538
0.105053	0.00535093
0.108804	0.00543838
0.112556	0.00549631
0.116308	0.00552378
0.120060	0.00552037
0.123812	0.00548619
0.127564	0.00542188
0.131316	0.00532861
0.135068	0.00520801
0.138819	0.00506219
0.142571	0.00489364
0.146323	0.00470520
0.150075	0.00449999
0.153827	0.00428133
0.157579	0.00405265
0.161331	0.00381749
0.165083	0.00357937
0.168834	0.00334173
0.172586	0.00310792
0.176338	0.00288113
0.180090	0.00266434
0.183842	0.00246030
0.187594	0.00227155
0.191346	0.00210035
0.195098	0.00194870
0.198849	0.00181836
0.202601	0.00171085
0.206353	0.00162745
0.210105	0.00156922
0.213857	0.00153702
0.217609	0.00153152
0.221361	0.00155323
0.225113	0.00160247
0.228864	0.00167943
0.232616	0.00178413
0.236368	0.00191647
0.240120	0.00207620
0.243872	0.00226295
0.247624	0.00247621
0.251376	0.00271534
0.255128	0.00297958
0.258879	0.00326809
0.262631	0.00357991
0.266383	0.00391398
0.270135	0.00426923
0.273887	0.00464449
0.277639	0.00503862
0.281391	0.00545048
0.285143	0.00587893
0.288894	0.00632293
0.292646	0.00678148
0.296398	0.00725370
0.300150	0.00773879
0.303902	0.00823607
0.307654	0.00874494
0.311406	0.00926489
0.315158	0.00979547
0.318909	0.01033627
0.322661	0.01088688
0.326413	0.01144685
0.330165	0.01201564
0.333917	0.01259263
0.337669	0.01317701
0.341421	0.01376782
0.345173	0.01436390
0.348924	0.01496386
0.352676	0.01556612
0.356428	0.01616891
0.360180	0.01677028
0.363932	0.01736815
0.367684	0.01796037
0.371436	0.01854474
0.375188	0.01911909
0.378939	0.01968136
0.382691	0.02022962
0.386443	0.02076213
0.390195	0.02127739
0.393947	0.02177419
0.397699	0.02225157
0.401451	0.02270889
0.405203	0.02314574
0.408954	0.02356195
0.412706	0.02395753
0.416458	0.02433259
0.420210	0.02468730
0.423962	0.02502176
0.427714	0.02533597
0.431466	0.02562972
0.435218	0.02590252
0.438969	0.02615356
0.442721	0.02638166
0.446473	0.02658525
0.450225	0.02676238
0.453977	0.02691075
0.457729	0.02702776
0.461481	0.02711063
0.465233	0.02715645
0.468984	0.02716237
0.472736	0.02712569
0.476488	0.02704409
0.480240	0.02691573
0.483992	0.02673944
0.487744	0.02651490
0.491496	0.02624275
0.495248	0.02592471
0.498999	0.02556371
0.502751	0.02516390
0.506503	0.02473071
0.510255	0.02427081
0.514007	0.02379205
0.517759	0.02330335
0.521511	0.02281457
0.525263	0.02233626
0.529015	0.02187950
0.532766	0.02145561
0.536518	0.02107588
0.540270	0.02075126
0.544022	0.02049206
0.547774	0.02030764
0.551526	0.02020616
0.555278	0.02019426
0.559030	0.02027682
0.562781	0.02045679
0.566533	0.02073500
0.570285	0.02111006
0.574037	0.02157831
0.577789	0.02213380
0.581541	0.02276838
0.585293	0.02347180
0.589045	0.02423193
0.592796	0.02503494
0.596548	0.02586564
0.600300	0.02670778
0.604052	0.02754442
0.607804	0.02835835
0.611556	0.02913245
0.615308	0.02985016
0.619060	0.03049584
0.622811	0.03105520
0.626563	0.03151565
0.630315	0.03186662
0.634067	0.03209988
0.637819	0.03220974
0.641571	0.03219320
0.645323	0.03205012
0.649075	0.03178316
0.652826	0.03139783
0.656578	0.03090235
0.660330	0.03030747
0.664082	0.02962626
0.667834	0.02887381
0.671586	0.02806692
0.675338	0.02722369
0.679090	0.02636316
0.682841	0.02550484
0.686593	0.02466835
0.690345	0.02387291
0.694097	0.02313699
0.697849	0.02247787
0.701601	0.02191128
0.705353	0.02145109
0.709105	0.02110897
0.712856	0.02089419
0.716608	0.02081344
0.720360	0.02087064
0.724112	0.02106693
0.727864	0.02140061
0.731616	0.02186724
0.735368	0.02245969
0.739120	0.02316832
0.742871	0.02398122
0.746623	0.02488445
0.750375	0.02586235
0.754127	0.02689790
0.757879	0.02797307
0.761631	0.02906922
0.765383	0.03016752
0.769135	0.03124935
0.772886	0.03229668
0.776638	0.03329248
0.780390	0.03422105
0.784142	0.03506836
0.787894	0.03582231
0.791646	0.03647297
0.795398	0.03701272
0.799150	0.03743642
0.802901	0.03774139
0.806653	0.03792746
0.810405	0.03799690
0.814157	0.03795428
0.817909	0.03780632
0.821661	0.03756170
0.825413	0.03723082
0.829165	0.03682554
0.832916	0.03635890
0.836668	0.03584488
0.840420	0.03529809
0.844172	0.03473350
0.847924	0.03416621
0.851676	0.03361120
0.855428	0.03308310
0.859180	0.03259603
0.862931	0.03216337
0.866683	0.03179766
0.870435	0.03151043
0.874187	0.03131208
0.877939	0.03121178
0.881691	0.03121735
0.885443	0.03133517
0.889195	0.03157010
0.892946	0.03192538
0.896698	0.03240257
0.900450	0.03300146
0.904202	0.03372000
0.907954	0.03455430
0.911706	0.03549855
0.915458	0.03654505
0.919210	0.03768421
0.922961	0.03890464
0.926713	0.04019320
0.930465	0.04153519
0.934217	0.04291447
0.937969	0.04431372
0.941721	0.04571466
0.945473	0.04709839
0.949225	0.04844564
0.952976	0.04973718
0.956728	0.05095413
0.960480	0.05207835
0.964232	0.05309278
0.967984	0.05398175
0.971736	0.05473137
0.975488	0.05532970
0.979240	0.05576706
0.982991	0.05603618
0.986743	0.05613231
0.990495	0.05605328
0.994247	0.05579954
0.997999	0.05537403
1.001751	0.05478215
1.005503	0.05403151
1.009255	0.05313176
1.013007	0.05209436
1.016758	0.05093224
1.020510	0.04965955
1.024262	0.04829134
1.028014	0.04684323
1.031766	0.04533113
1.035518	0.04377091
1.039270	0.04217817
1.043022	0.04056795
1.046773	0.03895452
1.050525	0.03735122
1.054277	0.03577026
1.058029	0.03422262
1.061781	0.03271799
1.065533	0.03126467
1.069285	0.02986958
1.073037	0.02853827
1.076788	0.02727495
1.080540	0.02608257
1.084292	0.02496287
1.088044	0.02391653
1.091796	0.02294328
1.095548	0.02204201
1.099300	0.02121093
1.103052	0.02044769
1.106803	0.01974957
1.110555	0.01911356
1.114307	0.01853654
1.118059	0.01801536
1.121811	0.01754698
1.125563	0.01712855
1.129315	0.01675749
1.133067	0.01643151
1.136818	0.01614873
1.140570	0.01590759
1.144322	0.01570697
1.148074	0.01554609
1.151826	0.01542454
1.155578	0.01534225
1.159330	0.01529943
1.163082	0.01529659
1.166833	0.01533445
1.170585	0.01541396
1.174337	0.01553627
1.178089	0.01570274
1.181841	0.01591489
1.185593	0.01617447
1.189345	0.01648345
1.193097	0.01684404
1.196848	0.01725869
1.200600	0.01773014
1.204352	0.01826135
1.208104	0.01885558
1.211856	0.01951624
1.215608	0.02024692
1.219360	0.02105122
1.223112	0.02193266
1.226863	0.02289450
1.230615	0.02393957
1.234367	0.02507007
1.238119	0.02628731
1.241871	0.02759150
1.245623	0.02898153
1.249375	0.03045477
1.253127	0.03200685
1.256878	0.03363157
1.260630	0.03532083
1.264382	0.03706458
1.268134	0.03885093
1.271886	0.04066628
1.275638	0.04249557
1.279390	0.04432257
1.283142	0.04613030
1.286893	0.04790148
1.290645	0.04961903
1.294397	0.05126659
1.298149	0.05282910
1.301901	0.05429330
1.305653	0.05564826
1.309405	0.05688582
1.313157	0.05800090
1.316908	0.05899185
1.320660	0.05986052
1.324412	0.06061235
1.328164	0.06125625
1.331916	0.06180438
1.335668	0.06227181
1.339420	0.06267609
1.343172	0.06303671
1.346923	0.06337445
1.350675	0.06371081
1.354427	0.06406725
1.358179	0.06446456
1.361931	0.06492222
1.365683	0.06545776
1.369435	0.06608629
1.373187	0.06682001
1.376938	0.06766788
1.380690	0.06863539
1.384442	0.06972442
1.388194	0.07093320
1.391946	0.07225642
1.395698	0.07368535
1.399450	0.07520810
1.403202	0.07680992
1.406953	0.07847360
1.410705	0.08017982
1.414457	0.08190759
1.418209	0.08363470
1.421961	0.08533812
1.425713	0.08699448
1.429465	0.08858042
1.433217	0.09007305
1.436968	0.09145026
1.440720	0.09269110
1.444472	0.09377607
1.448224	0.09468746
1.451976	0.09540955
1.455728	0.09592887
1.459480	0.09623442
1.463232	0.09631781
1.466983	0.09617341
1.470735	0.09579845
1.474487	0.09519303
1.478239	0.09436022
1.481991	0.09330593
1.485743	0.09203885
1.489495	0.09057032
1.493247	0.08891412
1.496998	0.08708624
1.500750	0.08510457
1.504502	0.08298861
1.508254	0.08075905
1.512006	0.07843747
1.515758	0.07604589
1.519510	0.07360639
1.523262	0.07114076
1.527014	0.06867014
1.530765	0.06621466
1.534517	0.06379321
1.538269	0.06142319
1.542021	0.05912032
1.545773	0.05689853
1.549525	0.05476989
1.553277	0.05274458
1.557029	0.05083091
1.560780	0.04903542
1.564532	0.04736294
1.568284	0.04581671
1.572036	0.04439857
1.575788	0.04310904
1.579540	0.04194754
1.583292	0.04091244
1.587044	0.04000128
1.590795	0.03921085
1.594547	0.03853731
1.598299	0.03797624
1.602051	0.03752281
1.605803	0.03717174
1.609555	0.03691744
1.613307	0.03675403
1.617059	0.03667540
1.620810	0.03667525
1.624562	0.03674712
1.628314	0.03688450
1.632066	0.03708080
1.635818	0.03732947
1.639570	0.03762399
1.643322	0.03795796
1.647074	0.03832511
1.650825	0.03871936
1.654577	0.03913482
1.658329	0.03956582
1.662081	0.04000694
1.665833	0.04045296
1.669585	0.04089893
1.673337	0.04134010
1.677089	0.04177192
1.680840	0.04219010
1.684592	0.04259051
1.688344	0.04296929
1.692096	0.04332280
1.695848	0.04364773
1.699600	0.04394107
1.703352	0.04420028
1.707104	0.04442326
1.710855	0.04460857
1.714607	0.04475544
1.718359	0.04486392
1.722111	0.04493499
1.725863	0.04497067
1.729615	0.04497408
1.733367	0.04494956
1.737119	0.04490272
1.740870	0.04484044
1.744622	0.04477091
1.748374	0.04470359
1.752126	0.04464916
1.755878	0.04461940
1.759630	0.04462709
1.763382	0.04468588
1.767134	0.04481004
1.770885	0.04501431
1.774637	0.04531362
1.778389	0.04572289
1.782141	0.04625670
1.785893	0.04692905
1.789645	0.04775308
1.793397	0.04874076
1.797149	0.04990263
1.800900	0.05124754
1.804652	0.05278238
1.808404	0.05451186
1.812156	0.05643832
1.815908	0.05856156
1.819660	0.06087871
1.823412	0.06338413
1.827164	0.06606940
1.830915	0.06892331
1.834667	0.07193193
1.838419	0.07507871
1.842171	0.07834463
1.845923	0.08170842
1.849675	0.08514679
1.853427	0.08863476
1.857179	0.09214591
1.860930	0.09565280
1.864682	0.09912732
1.868434	0.10254105
1.872186	0.10586568
1.875938	0.10907340
1.879690	0.11213730
1.883442	0.11503170
1.887194	0.11773254
1.890945	0.12021771
1.894697	0.12246730
1.898449	0.12446389
1.902201	0.12619277
1.905953	0.12764210
1.909705	0.12880302
1.913457	0.12966977
1.917209	0.13023967
1.920960	0.13051317
1.924712	0.13049369
1.928464	0.13018760
1.932216	0.12960403
1.935968	0.12875466
1.939720	0.12765352
1.943472	0.12631674
1.947224	0.12476224
1.950975	0.12300948
1.954727	0.12107913
1.958479	0.11899274
1.962231	0.11677251
1.965983	0.11444091
1.969735	0.11202045
1.973487	0.10953344
1.977239	0.10700168
1.980990	0.10444634
1.984742	0.10188771
1.988494	0.09934509
1.992246	0.09683662
1.995998	0.09437921
1.999750	0.09198848
2.003502	0.08967862
2.007254	0.08746244
2.011006	0.08535126
2.014757	0.08335494
2.018509	0.08148180
2.022261	0.07973869
2.026013	0.07813088
2.029765	0.07666212
2.033517	0.07533462
2.037269	0.07414900
2.041021	0.07310436
2.044772	0.07219824
2.048524	0.07142666
2.052276	0.07078418
2.056028	0.07026394
2.059780	0.06985778
2.063532	0.06955629
2.067284	0.06934901
2.071036	0.06922457
2.074787	0.06917086
2.078539	0.06917529
2.082291	0.06922499
2.086043	0.06930704
2.089795	0.06940877
2.093547	0.06951798
2.097299	0.06962321
2.101051	0.06971394
2.104802	0.06978086
2.108554	0.06981601
2.112306	0.06981296
2.116058	0.06976692
2.119810	0.06967484
2.123562	0.06953543
2.127314	0.06934917
2.131066	0.06911828
2.134817	0.06884665
2.138569	0.06853971
2.142321	0.06820435
2.146073	0.06784873
2.149825	0.06748215
2.153577	0.06711484
2.157329	0.06675781
2.161081	0.06642264
2.164832	0.06612133
2.168584	0.06586612
2.172336	0.06566928
2.176088	0.06554301
2.179840	0.06549923
2.183592	0.06554944
2.187344	0.06570460
2.191096	0.06597494
2.194847	0.06636986
2.198599	0.06689779
2.202351	0.06756602
2.206103	0.06838065
2.209855	0.06934639
2.213607	0.07046650
2.217359	0.07174270
2.221111	0.07317505
2.224862	0.07476193
2.228614	0.07649997
2.232366	0.07838404
2.236118	0.08040725
2.239870	0.08256102
2.243622	0.08483508
2.247374	0.08721762
2.251126	0.08969536
2.254877	0.09225370
2.258629	0.09487689
2.262381	0.09754820
2.266133	0.10025006
2.269885	0.10296433
2.273637	0.10567245
2.277389	0.10835564
2.281141	0.11099513
2.284892	0.11357232
2.288644	0.11606898
2.292396	0.11846746
2.296148	0.12075078
2.299900	0.12290287
2.303652	0.12490869
2.307404	0.12675434
2.311156	0.12842727
2.314907	0.12991631
2.318659	0.13121186
2.322411	0.13230597
2.326163	0.13319245
2.329915	0.13386699
2.333667	0.13432718
2.337419	0.13457268
2.341171	0.13460522
2.344922	0.13442865
2.348674	0.13404903
2.352426	0.13347457
2.356178	0.13271567
2.359930	0.13178485
2.363682	0.13069670
2.367434	0.12946775
2.371186	0.12811636
2.374937	0.12666251
2.378689	0.12512761
2.382441	0.12353425
2.386193	0.12190587
2.389945	0.12026646
2.393697	0.11864023
2.397449	0.11705116
2.401201	0.11552265
2.404952	0.11407707
2.408704	0.11273538
2.412456	0.11151667
2.416208	0.11043778
2.419960	0.10951296
2.423712	0.10875351
2.427464	0.10816752
2.431216	0.10775964
2.434967	0.10753096
2.438719	0.10747894
2.442471	0.10759743
2.446223	0.10787676
2.449975	0.10830395
2.453727	0.10886302
2.457479	0.10953529
2.461231	0.11029988
2.464982	0.11113414
2.468734	0.11201425
2.472486	0.11291578
2.476238	0.11381426
2.479990	0.11468580
2.483742	0.11550768
2.487494	0.11625884
2.491246	0.11692046
2.494997	0.11747632
2.498749	0.11791317
2.502501	0.11822107
2.506253	0.11839348
2.510005	0.11842744
2.513757	0.11832353
2.517509	0.11808579
2.521261	0.11772156
2.525013	0.11724121
2.528764	0.11665785
2.532516	0.11598695
2.536268	0.11524592
2.540020	0.11445369
2.543772	0.11363022
2.547524	0.11279602
2.551276	0.11197175
2.555028	0.11117773
2.558779	0.11043353
2.562531	0.10975762
2.566283	0.10916700
2.570035	0.10867697
2.573787	0.10830084
2.577539	0.10804985
2.581291	0.10793296
2.585043	0.10795689
2.588794	0.10812607
2.592546	0.10844272
2.596298	0.10890700
2.600050	0.10951710
2.603802	0.11026948
2.607554	0.11115911
2.611306	0.11217968
2.615058	0.11332385
2.618809	0.11458356
2.622561	0.11595021
2.626313	0.11741492
2.630065	0.11896873
2.633817	0.12060269
2.637569	0.12230805
2.641321	0.12407625
2.645073	0.12589891
2.648824	0.12776784
2.652576	0.12967484
2.656328	0.13161161
2.660080	0.13356955
2.663832	0.13553953
2.667584	0.13751171
2.671336	0.13947528
2.675088	0.14141833
2.678839	0.14332769
2.682591	0.14518887
2.686343	0.14698603
2.690095	0.14870212
2.693847	0.15031899
2.697599	0.15181774
2.701351	0.15317902
2.705103	0.15438354
2.708854	0.15541260
2.712606	0.15624862
2.716358	0.15687583
2.720110	0.15728090
2.723862	0.15745352
2.727614	0.15738698
2.731366	0.15707872
2.735118	0.15653067
2.738869	0.15574961
2.742621	0.15474724
2.746373	0.15354024
2.750125	0.15215005
2.753877	0.15060261
2.757629	0.14892784
2.761381	0.14715904
2.765133	0.14533217
2.768884	0.14348494
2.772636	0.14165600
2.776388	0.13988388
2.780140	0.13820608
2.783892	0.13665810
2.787644	0.13527253
2.791396	0.13407822
2.795148	0.13309958
2.798899	0.13235598
2.802651	0.13186128
2.806403	0.13162353
2.810155	0.13164489
2.813907	0.13192156
2.817659	0.13244404
2.821411	0.13319743
2.825163	0.13416187
2.828914	0.13531317
2.832666	0.13662343
2.836418	0.13806182
2.840170	0.13959540
2.843922	0.14118992
2.847674	0.14281066
2.851426	0.14442326
2.855178	0.14599449
2.858929	0.14749299
2.862681	0.14888990
2.866433	0.15015945
2.870185	0.15127941
2.873937	0.15223149
2.877689	0.15300157
2.881441	0.15357992
2.885193	0.15396120
2.888944	0.15414448
2.892696	0.15413309
2.896448	0.15393442
2.900200	0.15355969
2.903952	0.15302354
2.907704	0.15234377
2.911456	0.15154085
2.915208	0.15063754
2.918959	0.14965846
2.922711	0.14862963
2.926463	0.14757808
2.930215	0.14653141
2.933967	0.14551742
2.937719	0.14456367
2.941471	0.14369723
2.945223	0.14294422
2.948974	0.14232960
2.952726	0.14187676
2.956478	0.14160733
2.960230	0.14154082
2.963982	0.14169439
2.967734	0.14208255
2.971486	0.14271699
2.975238	0.14360624
2.978989	0.14475555
2.982741	0.14616663
2.986493	0.14783755
2.990245	0.14976256
2.993997	0.15193209
2.997749	0.15433272
3.001501	0.15694720
3.005253	0.15975466
3.009005	0.16273077
3.012756	0.16584806
3.016508	0.16907632
3.020260	0.17238301
3.024012	0.17573389
3.027764	0.17909355
3.031516	0.18242608
3.035268	0.18569584
3.039020	0.18886808
3.042771	0.19190975
3.046523	0.19479015
3.050275	0.19748160
3.054027	0.19996006
3.057779	0.20220559
3.061531	0.20420279
3.065283	0.20594109
3.069035	0.20741485
3.072786	0.20862342
3.076538	0.20957097
3.080290	0.21026624
3.084042	0.21072208
3.087794	0.21095494
3.091546	0.21098421
3.095298	0.21083149
3.099050	0.21051979
3.102801	0.21007273
3.106553	0.20951369
3.110305	0.20886504
3.114057	0.20814741
3.117809	0.20737904
3.121561	0.20657525
3.125313	0.20574808
3.129065	0.20490597
3.132816	0.20405375
3.136568	0.20319265
3.140320	0.20232053
3.144072	0.20143224
3.147824	0.20052012
3.151576	0.19957453
3.155328	0.19858460
3.159080	0.19753887
3.162831	0.19642604
3.166583	0.19523572
3.170335	0.19395914
3.174087	0.19258972
3.177839	0.19112369
3.181591	0.18956049
3.185343	0.18790319
3.189095	0.18615861
3.192846	0.18433753
3.196598	0.18245462
3.200350	0.18052829
3.204102	0.17858050
3.207854	0.17663640
3.211606	0.17472389
3.215358	0.17287315
3.219110	0.17111611
3.222861	0.16948580
3.226613	0.16801577
3.230365	0.16673945
3.234117	0.16568945
3.237869	0.16489699
3.241621	0.16439117
3.245373	0.16419845
3.249125	0.16434199
3.252876	0.16484113
3.256628	0.16571088
3.260380	0.16696148
3.264132	0.16859796
3.267884	0.17061990
3.271636	0.17302110
3.275388	0.17578949
3.279140	0.17890706
3.282891	0.18234988
3.286643	0.18608829
3.290395	0.19008720
3.294147	0.19430644
3.297899	0.19870128
3.301651	0.20322314
3.305403	0.20782023
3.309155	0.21243846
3.312906	0.21702236
3.316658	0.22151606
3.320410	0.22586433
3.324162	0.23001368
3.327914	0.23391335
3.331666	0.23751642
3.335418	0.24078069
3.339170	0.24366962
3.342921	0.24615307
3.346673	0.24820789
3.350425	0.24981842
3.354177	0.25097678
3.357929	0.25168291
3.361681	0.25194454
3.365433	0.25177690
3.369185	0.25120222
3.372936	0.25024913
3.376688	0.24895191
3.380440	0.24734953
3.384192	0.24548471
3.387944	0.24340285
3.391696	0.24115094
3.395448	0.23877652
3.399200	0.23632658
3.402951	0.23384665
3.406703	0.23137993
3.410455	0.22896649
3.414207	0.22664269
3.417959	0.22444072
3.421711	0.22238826
3.425463	0.22050835
3.429215	0.21881935
3.432966	0.21733508
3.436718	0.21606503
3.440470	0.21501475
3.444222	0.21418620
3.447974	0.21357824
3.451726	0.21318714
3.455478	0.21300704
3.459230	0.21303044
3.462981	0.21324865
3.466733	0.21365219
3.470485	0.21423110
3.474237	0.21497522
3.477989	0.21587441
3.481741	0.21691865
3.485493	0.21809814
3.489245	0.21940331
3.492996	0.22082479
3.496748	0.22235339
3.500500	0.22397999
3.504252	0.22569549
3.508004	0.22749074
3.511756	0.22935647
3.515508	0.23128328
3.519260	0.23326158
3.523012	0.23528168
3.526763	0.23733375
3.530515	0.23940794
3.534267	0.24149441
3.538019	0.24358345
3.541771	0.24566553
3.545523	0.24773141
3.549275	0.24977214
3.553027	0.25177911
3.556778	0.25374407
3.560530	0.25565903
3.564282	0.25751626
3.568034	0.25930813
3.571786	0.26102700
3.575538	0.26266510
3.579290	0.26421434
3.583042	0.26566618
3.586793	0.26701152
3.590545	0.26824063
3.594297	0.26934309
3.598049	0.27030780
3.601801	0.27112315
3.605553	0.27177709
3.609305	0.27225749
3.613057	0.27255238
3.616808	0.27265035
3.620560	0.27254106
3.624312	0.27221563
3.628064	0.27166720
3.631816	0.27089139
3.635568	0.26988677
3.639320	0.26865529
3.643072	0.26720256
3.646823	0.26553813
3.650575	0.26367555
3.654327	0.26163242
3.658079	0.25943021
3.661831	0.25709395
3.665583	0.25465188
3.669335	0.25213484
3.673087	0.24957569
3.676838	0.24700855
3.680590	0.24446806
3.684342	0.24198853
3.688094	0.23960317
3.691846	0.23734326
3.695598	0.23523748
3.699350	0.23331121
3.703102	0.23158598
3.706853	0.23007908
3.710605	0.22880318
3.714357	0.22776620
3.718109	0.22697119
3.721861	0.22641650
3.725613	0.22609587
3.729365	0.22599879
3.733117	0.22611085
3.736868	0.22641422
3.740620	0.22688815
3.744372	0.22750950
3.748124	0.22825336
3.751876	0.22909353
3.755628	0.23000316
3.759380	0.23095522
3.763132	0.23192301
3.766883	0.23288065
3.770635	0.23380343
3.774387	0.23466819
3.778139	0.23545366
3.781891	0.23614070
3.785643	0.23671249
3.789395	0.23715476
3.793147	0.23745588
3.796898	0.23760697
3.800650	0.23760197
3.804402	0.23743767
3.808154	0.23711368
3.811906	0.23663244
3.815658	0.23599912
3.819410	0.23522156
3.823162	0.23431013
3.826913	0.23327758
3.830665	0.23213888
3.834417	0.23091098
3.838169	0.22961261
3.841921	0.22826397
3.845673	0.22688650
3.849425	0.22550256
3.853177	0.22413508
3.856928	0.22280728
3.860680	0.22154232
3.864432	0.22036295
3.868184	0.21929120
3.871936	0.21834808
3.875688	0.21755325
3.879440	0.21692475
3.883192	0.21647877
3.886943	0.21622937
3.890695	0.21618833
3.894447	0.21636496
3.898199	0.21676598
3.901951	0.21739540
3.905703	0.21825451
3.909455	0.21934183
3.913207	0.22065314
3.916958	0.22218154
3.920710	0.22391758
3.924462	0.22584939
3.928214	0.22796288
3.931966	0.23024200
3.935718	0.23266896
3.939470	0.23522461
3.943222	0.23788873
3.946973	0.24064043
3.950725	0.24345851
3.954477	0.24632189
3.958229	0.24920998
3.961981	0.25210306
3.965733	0.25498262
3.969485	0.25783171
3.973237	0.26063514
3.976988	0.26337975
3.980740	0.26605445
3.984492	0.26865035
3.988244	0.27116066
3.991996	0.27358061
3.995748	0.27590721
3.999500	0.27813902
4.003252	0.28027577
4.007004	0.28231800
4.010755	0.28426664
4.014507	0.28612255
4.018259	0.28788612
4.022011	0.28955688
4.025763	0.29113312
4.029515	0.29261160
4.033267	0.29398742
4.037019	0.29525384
4.040770	0.29640233
4.044522	0.29742266
4.048274	0.29830319
4.052026	0.29903114
4.055778	0.29959304
4.059530	0.29997532
4.063282	0.30016481
4.067034	0.30014946
4.070785	0.29991895
4.074537	0.29946538
4.078289	0.29878394
4.082041	0.29787344
4.085793	0.29673693
4.089545	0.29538203
4.093297	0.29382133
4.097049	0.29207254
4.100800	0.29015854
4.104552	0.28810732
4.108304	0.28595169
4.112056	0.28372888
4.115808	0.28148001
4.119560	0.27924935
4.123312	0.27708355
4.127064	0.27503064
4.130815	0.27313901
4.134567	0.27145632
4.138319	0.27002834
4.142071	0.26889776
4.145823	0.26810302
4.149575	0.26767724
4.153327	0.26764712
4.157079	0.26803202
4.160830	0.26884315
4.164582	0.27008296
4.168334	0.27174465
4.172086	0.27381192
4.175838	0.27625901
4.179590	0.27905087
4.183342	0.28214366
4.187094	0.28548544
4.190845	0.28901715
4.194597	0.29267373
4.198349	0.29638551
4.202101	0.30007972
4.205853	0.30368219
4.209605	0.30711904
4.213357	0.31031853
4.217109	0.31321283
4.220860	0.31573979
4.224612	0.31784456
4.228364	0.31948110
4.232116	0.32061349
4.235868	0.32121703
4.239620	0.32127898
4.243372	0.32079915
4.247124	0.31979006
4.250875	0.31827683
4.254627	0.31629676
4.258379	0.31389857
4.262131	0.31114135
4.265883	0.30809329
4.269635	0.30483012
4.273387	0.30143341
4.277139	0.29798870
4.280890	0.29458357
4.284642	0.29130567
4.288394	0.28824072
4.292146	0.28547063
4.295898	0.28307174
4.299650	0.28111317
4.303402	0.27965541
4.307154	0.27874911
4.310905	0.27843413
4.314657	0.27873888
4.318409	0.27967990
4.322161	0.28126174
4.325913	0.28347712
4.329665	0.28630731
4.333417	0.28972280
4.337169	0.29368418
4.340920	0.29814316
4.344672	0.30304383
4.348424	0.30832399
4.352176	0.31391660
4.355928	0.31975131
4.359680	0.32575597
4.363432	0.33185818
4.367184	0.33798678
4.370935	0.34407327
4.374687	0.35005319
4.378439	0.35586726
4.382191	0.36146251
4.385943	0.36679313
4.389695	0.37182125
4.393447	0.37651742
4.397199	0.38086093
4.400950	0.38483998
4.404702	0.38845152
4.408454	0.39170098
4.412206	0.39460176
4.415958	0.39717457
4.419710	0.39944657
4.423462	0.40145039
4.427214	0.40322305
4.430965	0.40480477
4.434717	0.40623775
4.438469	0.40756496
4.442221	0.40882889
4.445973	0.41007043
4.449725	0.41132781
4.453477	0.41263563
4.457229	0.41402411
4.460980	0.41551842
4.464732	0.41713827
4.468484	0.41889764
4.472236	0.42080468
4.475988	0.42286183
4.479740	0.42506610
4.483492	0.42740946
4.487244	0.42987941
4.490995	0.43245959
4.494747	0.43513047
4.498499	0.43787013
4.502251	0.44065496
4.506003	0.44346040
4.509755	0.44626163
4.513507	0.44903415
4.517259	0.45175436
4.521011	0.45439994
4.524762	0.45695025
4.528514	0.45938656
4.532266	0.46169221
4.536018	0.46385266
4.539770	0.46585557
4.543522	0.46769069
4.547274	0.46934979
4.551026	0.47082658
4.554777	0.47211657
4.558529	0.47321697
4.562281	0.47412660
4.566033	0.47484580
4.569785	0.47537639
4.573537	0.47572165
4.577289	0.47588633
4.581041	0.47587666
4.584792	0.47570036
4.588544	0.47536672
4.592296	0.47488658
4.596048	0.47427232
4.599800	0.47353788
4.603552	0.47269864
4.607304	0.47177134
4.611056	0.47077391
4.614807	0.46972525
4.618559	0.46864500
4.622311	0.46755324
4.626063	0.46647015
4.629815	0.46541567
4.633567	0.46440915
4.637319	0.46346890
4.641071	0.46261195
4.644822	0.46185357
4.648574	0.46120706
4.652326	0.46068339
4.656078	0.46029102
4.659830	0.46003566
4.663582	0.45992016
4.667334	0.45994443
4.671086	0.46010540
4.674837	0.46039710
4.678589	0.46081067
4.682341	0.46133458
4.686093	0.46195479
4.689845	0.46265501
4.693597	0.46341696
4.697349	0.46422072
4.701101	0.46504509
4.704852	0.46586798
4.708604	0.46666681
4.712356	0.46741897
4.716108	0.46810222
4.719860	0.46869516
4.723612	0.46917763
4.727364	0.46953111
4.731116	0.46973915
4.734867	0.46978763
4.738619	0.46966509
4.742371	0.46936299
4.746123	0.46887580
4.749875	0.46820119
4.753627	0.46734003
4.757379	0.46629632
4.761131	0.46507716
4.764882	0.46369252
4.768634	0.46215505
4.772386	0.46047978
4.776138	0.45868381
4.779890	0.45678597
4.783642	0.45480642
4.787394	0.45276627
4.791146	0.45068719
4.794897	0.44859102
4.798649	0.44649939
4.802401	0.44443333
4.806153	0.44241300
4.809905	0.44045730
4.813657	0.43858361
4.817409	0.43680753
4.821161	0.43514262
4.824912	0.43360022
4.828664	0.43218923
4.832416	0.43091597
4.836168	0.42978404
4.839920	0.42879420
4.843672	0.42794433
4.847424	0.42722937
4.851176	0.42664132
4.854927	0.42616931
4.858679	0.42579968
4.862431	0.42551617
4.866183	0.42530008
4.869935	0.42513055
4.873687	0.42498493
4.877439	0.42483911
4.881191	0.42466796
4.884942	0.42444582
4.888694	0.42414693
4.892446	0.42374600
4.896198	0.42321868
4.899950	0.42254202
4.903702	0.42169496
4.907454	0.42065870
4.911206	0.41941706
4.914957	0.41795671
4.918709	0.41626738
4.922461	0.41434195
4.926213	0.41217643
4.929965	0.40976994
4.933717	0.40712451
4.937469	0.40424491
4.941221	0.40113835
4.944972	0.39781421
4.948724	0.39428370
4.952476	0.39055954
4.956228	0.38665565
4.959980	0.38258683
4.963732	0.37836855
4.967484	0.37401670
4.971236	0.36954745
4.974987	0.36497711
4.978739	0.36032207
4.982491	0.35559881
4.986243	0.35082385
4.989995	0.34601381
4.993747	0.34118548
4.997499	0.33635580
5.001251	0.33154195
5.005003	0.32676131
5.008754	0.32203147
5.012506	0.31737009
5.016258	0.31279482
5.020010	0.30832311
5.023762	0.30397194
5.027514	0.29975762
5.031266	0.29569541
5.035018	0.29179920
5.038769	0.28808120
5.042521	0.28455155
5.046273	0.28121804
5.050025	0.27808582
5.053777	0.27515721
5.057529	0.27243153
5.061281	0.26990507
5.065033	0.26757113
5.068784	0.26542015
5.072536	0.26343999
5.076288	0.26161625
5.080040	0.25993271
5.083792	0.25837183
5.087544	0.25691536
5.091296	0.25554488
5.095048	0.25424244
5.098799	0.25299121
5.102551	0.25177597
5.106303	0.25058370
5.110055	0.24940396
5.113807	0.24822925
5.117559	0.24705523
5.121311	0.24588081
5.125063	0.24470814
5.128814	0.24354247
5.132566	0.24239186
5.136318	0.24126686
5.140070	0.24018001
5.143822	0.23914531
5.147574	0.23817767
5.151326	0.23729229
5.155078	0.23650404
5.158829	0.23582685
5.162581	0.23527320
5.166333	0.23485357
5.170085	0.23457603
5.173837	0.23444588
5.177589	0.23446543
5.181341	0.23463381
5.185093	0.23494691
5.188844	0.23539742
5.192596	0.23597500
5.196348	0.23666643
5.200100	0.23745594
5.203852	0.23832553
5.207604	0.23925544
5.211356	0.24022452
5.215108	0.24121075
5.218859	0.24219171
5.222611	0.24314508
5.226363	0.24404908
5.230115	0.24488295
5.233867	0.24562732
5.237619	0.24626462
5.241371	0.24677932
5.245123	0.24715823
5.248874	0.24739060
5.252626	0.24746826
5.256378	0.24738561
5.260130	0.24713958
5.263882	0.24672947
5.267634	0.24615680
5.271386	0.24542505
5.275138	0.24453935
5.278889	0.24350622
5.282641	0.24233322
5.286393	0.24102863
5.290145	0.23960113
5.293897	0.23805958
5.297649	0.23641271
5.301401	0.23466901
5.305153	0.23283654
5.308904	0.23092292
5.312656	0.22893526
5.316408	0.22688026
5.320160	0.22476427
5.323912	0.22259338
5.327664	0.22037363
5.331416	0.21811111
5.335168	0.21581212
5.338919	0.21348331
5.342671	0.21113174
5.346423	0.20876499
5.350175	0.20639110
5.353927	0.20401856
5.357679	0.20165621
5.361431	0.19931311
5.365183	0.19699833
5.368934	0.19472075
5.372686	0.19248887
5.376438	0.19031056
5.380190	0.18819284
5.383942	0.18614175
5.387694	0.18416219
5.391446	0.18225785
5.395198	0.18043121
5.398949	0.17868356
5.402701	0.17701516
5.406453	0.17542539
5.410205	0.17391299
5.413957	0.17247631
5.417709	0.17111364
5.421461	0.16982343
5.425213	0.16860466
5.428964	0.16745700
5.432716	0.16638107
5.436468	0.16537853
5.440220	0.16445214
5.443972	0.16360577
5.447724	0.16284422
5.451476	0.16217307
5.455228	0.16159840
5.458979	0.16112644
5.462731	0.16076319
5.466483	0.16051402
5.470235	0.16038323
5.473987	0.16037366
5.477739	0.16048634
5.481491	0.16072010
5.485243	0.16107142
5.488994	0.16153420
5.492746	0.16209973
5.496498	0.16275667
5.500250	0.16349124
5.504002	0.16428736
5.507754	0.16512699
5.511506	0.16599047
5.515258	0.16685695
5.519010	0.16770481
5.522761	0.16851213
5.526513	0.16925720
5.530265	0.16991889
5.534017	0.17047713
5.537769	0.17091328
5.541521	0.17121045
5.545273	0.17135377
5.549025	0.17133064
5.552776	0.17113087
5.556528	0.17074678
5.560280	0.17017332
5.564032	0.16940801
5.567784	0.16845097
5.571536	0.16730487
5.575288	0.16597483
5.579040	0.16446833
5.582791	0.16279509
5.586543	0.16096693
5.590295	0.15899760
5.594047	0.15690266
5.597799	0.15469920
5.601551	0.15240571
5.605303	0.15004181
5.609055	0.14762797
5.612806	0.14518528
5.616558	0.14273512
5.620310	0.14029884
5.624062	0.13789747
5.627814	0.13555134
5.631566	0.13327976
5.635318	0.13110074
5.639070	0.12903065
5.642821	0.12708395
5.646573	0.12527301
5.650325	0.12360788
5.654077	0.12209622
5.657829	0.12074319
5.661581	0.11955148
5.665333	0.11852141
5.669085	0.11765098
5.672836	0.11693612
5.676588	0.11637091
5.680340	0.11594780
5.684092	0.11565797
5.687844	0.11549159
5.691596	0.11543813
5.695348	0.11548667
5.699100	0.11562612
5.702851	0.11584552
5.706603	0.11613413
5.710355	0.11648164
5.714107	0.11687822
5.717859	0.11731453
5.721611	0.11778172
5.725363	0.11827135
5.729115	0.11877530
5.732866	0.11928562
5.736618	0.11979442
5.740370	0.12029372
5.744122	0.12077531
5.747874	0.12123067
5.751626	0.12165092
5.755378	0.12202678
5.759130	0.12234860
5.762881	0.12260649
5.766633	0.12279041
5.770385	0.12289043
5.774137	0.12289690
5.777889	0.12280079
5.781641	0.12259396
5.785393	0.12226946
5.789145	0.12182185
5.792896	0.12124746
5.796648	0.12054467
5.800400	0.11971406
5.804152	0.11875858
5.807904	0.11768356
5.811656	0.11649675
5.815408	0.11520819
5.819160	0.11382999
5.822911	0.11237618
5.826663	0.11086227
5.830415	0.10930498
5.834167	0.10772174
5.837919	0.10613034
5.841671	0.10454840
5.845423	0.10299299
5.849175	0.10148022
5.852926	0.10002486
5.856678	0.09864005
5.860430	0.09733702
5.864182	0.09612499
5.867934	0.09501100
5.871686	0.09399994
5.875438	0.09309458
5.879190	0.09229572
5.882941	0.09160230
5.886693	0.09101165
5.890445	0.09051976
5.894197	0.09012145
5.897949	0.08981073
5.901701	0.08958093
5.905453	0.08942504
5.909205	0.08933579
5.912956	0.08930588
5.916708	0.08932805
5.920460	0.08939514
5.924212	0.08950015
5.927964	0.08963619
5.931716	0.08979649
5.935468	0.08997430
5.939220	0.09016286
5.942971	0.09035532
5.946723	0.09054470
5.950475	0.09072387
5.954227	0.09088552
5.957979	0.09102219
5.961731	0.09112640
5.965483	0.09119066
5.969235	0.09120770
5.972986	0.09117057
5.976738	0.09107286
5.980490	0.09090891
5.984242	0.09067400
5.987994	0.09036457
5.991746	0.08997838
5.995498	0.08951465
5.999250	0.08897422
6.003002	0.08835953
6.006753	0.08767469
6.010505	0.08692541
6.014257	0.08611888
6.018009	0.08526360
6.021761	0.08436919
6.025513	0.08344612
6.029265	0.08250544
6.033017	0.08155843
6.036768	0.08061633
6.040520	0.07969001
6.044272	0.07878969
6.048024	0.07792466
6.051776	0.07710306
6.055528	0.07633171
6.059280	0.07561597
6.063032	0.07495967
6.066783	0.07436508
6.070535	0.07383293
6.074287	0.07336250
6.078039	0.07295172
6.081791	0.07259732
6.085543	0.07229497
6.089295	0.07203948
6.093047	0.07182499
6.096798	0.07164512
6.100550	0.07149320
6.104302	0.07136238
6.108054	0.07124580
6.111806	0.07113672
6.115558	0.07102862
6.119310	0.07091534
6.123062	0.07079111
6.126813	0.07065062
6.130565	0.07048913
6.134317	0.07030246
6.138069	0.07008709
6.141821	0.06984016
6.145573	0.06955949
6.149325	0.06924369
6.153077	0.06889207
6.156828	0.06850475
6.160580	0.06808261
6.164332	0.06762726
6.168084	0.06714106
6.171836	0.06662703
6.175588	0.06608878
6.179340	0.06553043
6.183092	0.06495649
6.186843	0.06437172
6.190595	0.06378100
6.194347	0.06318917
6.198099	0.06260086
6.201851	0.06202036
6.205603	0.06145146
6.209355	0.06089734
6.213107	0.06036045
6.216858	0.05984244
6.220610	0.05934414
6.224362	0.05886549
6.228114	0.05840564
6.231866	0.05796296
6.235618	0.05753512
6.239370	0.05711926
6.243122	0.05671204
6.246873	0.05630985
6.250625	0.05590891
6.254377	0.05550543
6.258129	0.05509575
6.261881	0.05467646
6.265633	0.05424444
6.269385	0.05379699
6.273137	0.05333184
6.276888	0.05284717
6.280640	0.05234157
6.284392	0.05181402
6.288144	0.05126384
6.291896	0.05069059
6.295648	0.05009400
6.299400	0.04947387
6.303152	0.04883002
6.306903	0.04816218
6.310655	0.04746995
6.314407	0.04675274
6.318159	0.04600977
6.321911	0.04524005
6.325663	0.04444241
6.329415	0.04361553
6.333167	0.04275798
6.336918	0.04186832
6.340670	0.04094519
6.344422	0.03998734
6.348174	0.03899379
6.351926	0.03796387
6.355678	0.03689731
6.359430	0.03579435
6.363182	0.03465574
6.366933	0.03348282
6.370685	0.03227757
6.374437	0.03104255
6.378189	0.02978097
6.381941	0.02849659
6.385693	0.02719374
6.389445	0.02587722
6.393197	0.02455223
6.396948	0.02322430
6.400700	0.02189917
6.404452	0.02058273
6.408204	0.01928088
6.411956	0.01799945
6.415708	0.01674410
6.419460	0.01552019
6.423212	0.01433275
6.426963	0.01318635
6.430715	0.01208509
6.434467	0.01103248
6.438219	0.01003147
6.441971	0.00908435
6.445723	0.00819283
6.449475	0.00735796
6.453227	0.00658019
6.456978	0.00585938
6.460730	0.00519486
6.464482	0.00458545
6.468234	0.00402952
6.471986	0.00352507
6.475738	0.00306977
6.479490	0.00266101
6.483242	0.00229600
6.486993	0.00197180
6.490745	0.00168541
6.494497	0.00143378
6.498249	0.00121388
6.502001	0.00102276
6.505753	0.00085756
6.509505	0.00071553
6.513257	0.00059409
6.517009	0.00049083
6.520760	0.00040351
6.524512	0.00033006
6.528264	0.00026863
6.532016	0.00021753
6.535768	0.00017527
6.539520	0.00014049
6.543272	0.00011204
6.547024	0.00008890
6.550775	0.00007017
6.554527	0.00005510
6.558279	0.00004305
6.562031	0.00003346
6.565783	0.00002587
6.569535	0.00001989
6.573287	0.00001522
6.577039	0.00001158
6.580790	0.00000877
6.584542	0.00000660
6.588294	0.00000495
6.592046	0.00000369
6.595798	0.00000273
6.599550	0.00000201
6.603302	0.00000148
6.607054	0.00000108
6.610805	0.00000078
6.614557	0.00000056
6.618309	0.00000040
6.622061	0.00000029
6.625813	0.00000021
6.629565	0.00000014
6.633317	0.00000010
6.637069	0.00000007
6.640820	0.00000005
6.644572	0.00000003
6.648324	0.00000002
6.652076	0.00000002
6.655828	0.00000001
6.659580	0.00000001
6.663332	0.00000000
6.667084	0.00000000
6.670835	0.00000000
6.674587	0.00000000
6.678339	0.00000000
6.682091	0.00000000
6.685843	0.00000000
6.689595	0.00000000
6.693347	0.00000000
6.697099	0.00000000
6.700850	0.00000000
6.704602	0.00000000
6.708354	0.00000000
6.712106	0.00000000
6.715858	0.00000000
6.719610	0.00000000
6.723362	0.00000000
6.727114	0.00000000
6.730865	0.00000000
6.734617	0.00000000
6.738369	0.00000000
6.742121	0.00000000
6.745873	0.00000000
6.749625	0.00000000
6.753377	0.00000000
6.757129	0.00000000
6.760880	0.00000000
6.764632	0.00000000
6.768384	0.00000000
6.772136	0.00000000
6.775888	0.00000000
6.779640	0.00000000
6.783392	0.00000000
6.787144	0.00000000
6.790895	0.00000000
6.794647	0.00000000
6.798399	0.00000000
6.802151	0.00000000
6.805903	0.00000000
6.809655	0.00000000
6.813407	0.00000000
6.817159	0.00000000
6.820910	0.00000000
6.824662	0.00000000
6.828414	0.00000000
6.832166	0.00000000
6.835918	0.00000000
6.839670	0.00000000
6.843422	0.00000000
6.847174	0.00000000
6.850925	0.00000000
6.854677	0.00000000
6.858429	0.00000000
6.862181	0.00000000
6.865933	0.00000000
6.869685	0.00000000
6.873437	0.00000000
6.877189	0.00000000
6.880940	0.00000000
6.884692	0.00000000
6.888444	0.00000000
6.892196	0.00000000
6.895948	0.00000000
6.899700	0.00000000
6.903452	0.00000000
6.907204	0.00000000
6.910955	0.00000000
6.914707	0.00000000
6.918459	0.00000000
6.922211	0.00000000
6.925963	0.00000000
6.929715	0.00000000
6.933467	0.00000000
6.937219	0.00000000
6.940970	0.00000000
6.944722	0.00000000
6.948474	0.00000000
6.952226	0.00000000
6.955978	0.00000000
6.959730	0.00000000
6.963482	0.00000000
6.967234	0.00000000
6.970985	0.00000000
6.974737	0.00000000
6.978489	0.00000000
6.982241	0.00000000
6.985993	0.00000000
6.989745	0.00000000
6.993497	0.00000000
6.997249	0.00000000
7.001001	0.00000000
7.004752	0.00000000
7.008504	0.00000000
7.012256	0.00000000
7.016008	0.00000000
7.019760	0.00000000
7.023512	0.00000000
7.027264	0.00000000
7.031016	0.00000000
7.034767	0.00000000
7.038519	0.00000000
7.042271	0.00000000
7.046023	0.00000000
7.049775	0.00000000
7.053527	0.00000000
7.057279	0.00000000
7.061031	0.00000000
7.064782	0.00000000
7.068534	0.00000000
7.072286	0.00000000
7.076038	0.00000000
7.079790	0.00000000
7.083542	0.00000000
7.087294	0.00000000
7.091046	0.00000000
7.094797	0.00000000
7.098549	0.00000000
7.102301	0.00000000
7.106053	0.00000000
7.109805	0.00000000
7.113557	0.00000000
7.117309	0.00000000
7.121061	0.00000000
7.124812	0.00000000
7.128564	0.00000000
7.132316	0.00000000
7.136068	0.00000000
7.139820	0.00000000
7.143572	0.00000000
7.147324	0.00000000
7.151076	0.00000000
7.154827	0.00000000
7.158579	0.00000000
7.162331	0.00000000
7.166083	0.00000000
7.169835	0.00000000
7.173587	0.00000000
7.177339	0.00000000
7.181091	0.00000000
7.184842	0.00000000
7.188594	0.00000000
7.192346	0.00000000
7.196098	0.00000000
7.199850	0.00000000
7.203602	0.00000000
7.207354	0.00000000
7.211106	0.00000000
7.214857	0.00000000
7.218609	0.00000000
7.222361	0.00000000
7.226113	0.00000000
7.229865	0.00000000
7.233617	0.00000000
7.237369	0.00000000
7.241121	0.00000000
7.244872	0.00000000
7.248624	0.00000000
7.252376	0.00000000
7.256128	0.00000000
7.259880	0.00000000
7.263632	0.00000000
7.267384	0.00000000
7.271136	0.00000000
7.274887	0.00000000
7.278639	0.00000000
7.282391	0.00000000
7.286143	0.00000000
7.289895	0.00000000
7.293647	0.00000000
7.297399	0.00000000
7.301151	0.00000000
7.304902	0.00000000
7.308654	0.00000000
7.312406	0.00000000
7.316158	0.00000000
7.319910	0.00000000
7.323662	0.00000000
7.327414	0.00000000
7.331166	0.00000000
7.334917	0.00000000
7.338669	0.00000000
7.342421	0.00000000
7.346173	0.00000000
7.349925	0.00000000
7.353677	0.00000000
7.357429	0.00000000
7.361181	0.00000000
7.364932	0.00000000
7.368684	0.00000000
7.372436	0.00000000
7.376188	0.00000000
7.379940	0.00000000
7.383692	0.00000000
7.387444	0.00000000
7.391196	0.00000000
7.394947	0.00000000
7.398699	0.00000000
7.402451	0.00000000
7.406203	0.00000000
7.409955	0.00000000
7.413707	0.00000000
7.417459	0.00000000
7.421211	0.00000000
7.424962	0.00000000
7.428714	0.00000000
7.432466	0.00000000
7.436218	0.00000000
7.439970	0.00000000
7.443722	0.00000000
7.447474	0.00000000
7.451226	0.00000000
7.454977	0.00000000
7.458729	0.00000000
7.462481	0.00000000
7.466233	0.00000000
7.469985	0.00000000
7.473737	0.00000000
7.477489	0.00000000
7.481241	0.00000000
7.484992	0.00000000
7.488744	0.00000000
7.492496	0.00000000
7.496248	0.00000000
7.500000	0.00000000
