# Freq(THz)	Branch_1	Branch_2	Branch_3	Total
0.0000	0.018378	0.007808	0.000001	0.026187
0.0035	0.019914	0.008405	0.000002	0.028322
0.0070	0.021529	0.009026	0.000002	0.030558
0.0105	0.023220	0.009672	0.000003	0.032896
0.0140	0.024989	0.010342	0.000004	0.035335
0.0175	0.026833	0.011037	0.000005	0.037875
0.0210	0.028752	0.011756	0.000006	0.040515
0.0245	0.030745	0.012500	0.000008	0.043253
0.0280	0.032810	0.013268	0.000010	0.046088
0.0315	0.034946	0.014061	0.000012	0.049019
0.0350	0.037151	0.014878	0.000015	0.052044
0.0385	0.039422	0.015720	0.000018	0.055160
0.0420	0.041757	0.016587	0.000023	0.058366
0.0455	0.044153	0.017479	0.000027	0.061659
0.0490	0.046608	0.018394	0.000033	0.065036
0.0525	0.049119	0.019334	0.000040	0.068493
0.0560	0.051682	0.020297	0.000049	0.072027
0.0595	0.054294	0.021283	0.000058	0.075634
0.0630	0.056951	0.022290	0.000069	0.079310
0.0665	0.059649	0.023318	0.000082	0.083050
0.0700	0.062385	0.024366	0.000097	0.086848
0.0735	0.065154	0.025431	0.000114	0.090699
0.0770	0.067951	0.026512	0.000133	0.094597
0.0805	0.070772	0.027608	0.000155	0.098535
0.0840	0.073612	0.028716	0.000180	0.102507
0.0875	0.076464	0.029834	0.000208	0.106506
0.0910	0.079325	0.030960	0.000238	0.110523
0.0945	0.082188	0.032091	0.000273	0.114552
0.0980	0.085048	0.033226	0.000310	0.118584
0.1016	0.087899	0.034362	0.000351	0.122612
0.1051	0.090734	0.035498	0.000396	0.126628
0.1086	0.093550	0.036630	0.000444	0.130624
0.1121	0.096339	0.037757	0.000496	0.134592
0.1156	0.099097	0.038877	0.000552	0.138526
0.1191	0.101818	0.039989	0.000611	0.142419
0.1226	0.104499	0.041091	0.000673	0.146263
0.1261	0.107134	0.042182	0.000738	0.150054
0.1296	0.109721	0.043261	0.000805	0.153787
0.1331	0.112255	0.044326	0.000875	0.157457
0.1366	0.114737	0.045378	0.000947	0.161061
0.1401	0.117163	0.046414	0.001019	0.164597
0.1436	0.119534	0.047436	0.001093	0.168063
0.1471	0.121850	0.048443	0.001166	0.171459
0.1506	0.124113	0.049434	0.001238	0.174786
0.1541	0.126325	0.050410	0.001310	0.178044
0.1576	0.128489	0.051370	0.001379	0.181237
0.1611	0.130608	0.052314	0.001445	0.184367
0.1646	0.132689	0.053244	0.001507	0.187440
0.1681	0.134735	0.054159	0.001565	0.190459
0.1716	0.136753	0.055060	0.001618	0.193431
0.1751	0.138750	0.055946	0.001666	0.196362
0.1786	0.140731	0.056820	0.001707	0.199259
0.1821	0.142704	0.057682	0.001742	0.202128
0.1856	0.144675	0.058532	0.001770	0.204977
0.1891	0.146650	0.059372	0.001790	0.207813
0.1926	0.148637	0.060203	0.001803	0.210644
0.1961	0.150641	0.061027	0.001809	0.213476
0.1996	0.152668	0.061844	0.001807	0.216318
0.2031	0.154722	0.062657	0.001798	0.219176
0.2066	0.156808	0.063467	0.001782	0.222057
0.2101	0.158931	0.064275	0.001759	0.224965
0.2136	0.161092	0.065085	0.001731	0.227908
0.2171	0.163294	0.065897	0.001698	0.230889
0.2206	0.165540	0.066713	0.001660	0.233912
0.2241	0.167829	0.067535	0.001619	0.236983
0.2276	0.170163	0.068364	0.001575	0.240102
0.2311	0.172541	0.069202	0.001530	0.243273
0.2346	0.174962	0.070050	0.001485	0.246497
0.2381	0.177426	0.070908	0.001441	0.249774
0.2416	0.179929	0.071778	0.001398	0.253105
0.2451	0.182470	0.072659	0.001359	0.256487
0.2486	0.185045	0.073551	0.001324	0.259921
0.2521	0.187652	0.074455	0.001295	0.263402
0.2556	0.190287	0.075369	0.001273	0.266929
0.2591	0.192947	0.076292	0.001258	0.270497
0.2626	0.195625	0.077223	0.001252	0.274100
0.2661	0.198319	0.078161	0.001255	0.277735
0.2696	0.201023	0.079103	0.001269	0.281395
0.2731	0.203731	0.080046	0.001294	0.285072
0.2766	0.206439	0.080990	0.001331	0.288760
0.2801	0.209139	0.081932	0.001379	0.292450
0.2836	0.211826	0.082868	0.001440	0.296134
0.2871	0.214494	0.083796	0.001513	0.299803
0.2906	0.217135	0.084715	0.001598	0.303448
0.2941	0.219743	0.085621	0.001696	0.307059
0.2976	0.222311	0.086512	0.001804	0.310627
0.3012	0.224832	0.087385	0.001924	0.314142
0.3047	0.227300	0.088240	0.002054	0.317594
0.3082	0.229709	0.089074	0.002193	0.320975
0.3117	0.232052	0.089885	0.002340	0.324277
0.3152	0.234324	0.090673	0.002493	0.327490
0.3187	0.236521	0.091436	0.002652	0.330610
0.3222	0.238640	0.092174	0.002815	0.333629
0.3257	0.240676	0.092888	0.002979	0.336543
0.3292	0.242630	0.093576	0.003144	0.339349
0.3327	0.244500	0.094240	0.003307	0.342047
0.3362	0.246288	0.094880	0.003467	0.344635
0.3397	0.247996	0.095498	0.003622	0.347116
0.3432	0.249628	0.096096	0.003770	0.349494
0.3467	0.251190	0.096675	0.003909	0.351775
0.3502	0.252689	0.097238	0.004039	0.353966
0.3537	0.254134	0.097788	0.004156	0.356078
0.3572	0.255533	0.098326	0.004261	0.358121
0.3607	0.256899	0.098857	0.004352	0.360107
0.3642	0.258243	0.099382	0.004428	0.362053
0.3677	0.259577	0.099907	0.004488	0.363971
0.3712	0.260915	0.100433	0.004531	0.365880
0.3747	0.262271	0.100965	0.004559	0.367795
0.3782	0.263657	0.101506	0.004570	0.369733
0.3817	0.265086	0.102060	0.004564	0.371710
0.3852	0.266570	0.102630	0.004543	0.373743
0.3887	0.268121	0.103220	0.004507	0.375848
0.3922	0.269748	0.103833	0.004457	0.378037
0.3957	0.271458	0.104472	0.004394	0.380324
0.3992	0.273259	0.105141	0.004320	0.382720
0.4027	0.275155	0.105842	0.004235	0.385232
0.4062	0.277148	0.106578	0.004143	0.387868
0.4097	0.279236	0.107351	0.004045	0.390632
0.4132	0.281420	0.108164	0.003942	0.393526
0.4167	0.283692	0.109019	0.003838	0.396549
0.4202	0.286048	0.109918	0.003734	0.399699
0.4237	0.288478	0.110861	0.003632	0.402970
0.4272	0.290972	0.111849	0.003535	0.406356
0.4307	0.293518	0.112884	0.003445	0.409847
0.4342	0.296103	0.113965	0.003364	0.413432
0.4377	0.298713	0.115091	0.003295	0.417099
0.4412	0.301333	0.116263	0.003240	0.420836
0.4447	0.303950	0.117478	0.003199	0.424628
0.4482	0.306548	0.118735	0.003176	0.428459
0.4517	0.309113	0.120031	0.003172	0.432315
0.4552	0.311631	0.121362	0.003188	0.436182
0.4587	0.314090	0.122727	0.003226	0.440043
0.4622	0.316479	0.124120	0.003285	0.443884
0.4657	0.318787	0.125537	0.003368	0.447692
0.4692	0.321007	0.126974	0.003474	0.451454
0.4727	0.323132	0.128424	0.003602	0.455158
0.4762	0.325157	0.129883	0.003754	0.458793
0.4797	0.327078	0.131345	0.003927	0.462351
0.4832	0.328896	0.132805	0.004121	0.465822
0.4867	0.330611	0.134257	0.004334	0.469201
0.4902	0.332224	0.135695	0.004564	0.472483
0.4937	0.333740	0.137115	0.004810	0.475665
0.4972	0.335165	0.138511	0.005068	0.478744
0.5008	0.336505	0.139880	0.005336	0.481721
0.5043	0.337768	0.141217	0.005612	0.484597
0.5078	0.338964	0.142520	0.005891	0.487374
0.5113	0.340103	0.143785	0.006171	0.490058
0.5148	0.341195	0.145011	0.006447	0.492654
0.5183	0.342252	0.146198	0.006718	0.495168
0.5218	0.343286	0.147343	0.006979	0.497608
0.5253	0.344307	0.148448	0.007227	0.499983
0.5288	0.345329	0.149513	0.007460	0.502302
0.5323	0.346361	0.150539	0.007673	0.504574
0.5358	0.347415	0.151528	0.007866	0.506809
0.5393	0.348502	0.152481	0.008034	0.509017
0.5428	0.349629	0.153402	0.008178	0.511208
0.5463	0.350806	0.154290	0.008294	0.513390
0.5498	0.352039	0.155151	0.008383	0.515572
0.5533	0.353333	0.155984	0.008443	0.517760
0.5568	0.354694	0.156793	0.008475	0.519961
0.5603	0.356123	0.157579	0.008478	0.522180
0.5638	0.357621	0.158344	0.008454	0.524419
0.5673	0.359187	0.159090	0.008403	0.526680
0.5708	0.360819	0.159816	0.008328	0.528963
0.5743	0.362513	0.160524	0.008230	0.531267
0.5778	0.364263	0.161215	0.008112	0.533589
0.5813	0.366061	0.161888	0.007975	0.535925
0.5848	0.367901	0.162543	0.007824	0.538269
0.5883	0.369773	0.163181	0.007661	0.540616
0.5918	0.371666	0.163802	0.007490	0.542958
0.5953	0.373571	0.164405	0.007313	0.545289
0.5988	0.375476	0.164991	0.007134	0.547601
0.6023	0.377371	0.165559	0.006957	0.549887
0.6058	0.379246	0.166110	0.006785	0.552142
0.6093	0.381091	0.166646	0.006622	0.554359
0.6128	0.382896	0.167167	0.006471	0.556534
0.6163	0.384655	0.167675	0.006335	0.558664
0.6198	0.386360	0.168171	0.006218	0.560748
0.6233	0.388005	0.168659	0.006122	0.562786
0.6268	0.389589	0.169140	0.006051	0.564779
0.6303	0.391107	0.169618	0.006006	0.566731
0.6338	0.392560	0.170095	0.005990	0.568646
0.6373	0.393949	0.170576	0.006006	0.570531
0.6408	0.395276	0.171064	0.006054	0.572394
0.6443	0.396545	0.171563	0.006135	0.574243
0.6478	0.397761	0.172075	0.006251	0.576087
0.6513	0.398931	0.172605	0.006402	0.577938
0.6548	0.400061	0.173155	0.006587	0.579804
0.6583	0.401160	0.173730	0.006807	0.581696
0.6618	0.402234	0.174330	0.007058	0.583622
0.6653	0.403292	0.174960	0.007341	0.585593
0.6688	0.404343	0.175620	0.007652	0.587615
0.6723	0.405393	0.176312	0.007989	0.589695
0.6758	0.406450	0.177038	0.008349	0.591837
0.6793	0.407520	0.177797	0.008727	0.594045
0.6828	0.408608	0.178591	0.009120	0.596319
0.6863	0.409719	0.179418	0.009523	0.598660
0.6898	0.410856	0.180279	0.009931	0.601066
0.6933	0.412020	0.181172	0.010340	0.603531
0.6968	0.413213	0.182095	0.010743	0.606051
0.7004	0.414434	0.183048	0.011136	0.608618
0.7039	0.415682	0.184028	0.011515	0.611224
0.7074	0.416953	0.185034	0.011872	0.613859
0.7109	0.418246	0.186062	0.012205	0.616514
0.7144	0.419555	0.187112	0.012509	0.619176
0.7179	0.420876	0.188181	0.012779	0.621836
0.7214	0.422203	0.189266	0.013013	0.624483
0.7249	0.423531	0.190366	0.013208	0.627105
0.7284	0.424855	0.191478	0.013361	0.629693
0.7319	0.426168	0.192600	0.013471	0.632239
0.7354	0.427466	0.193730	0.013538	0.634734
0.7389	0.428745	0.194866	0.013561	0.637172
0.7424	0.429999	0.196008	0.013541	0.639548
0.7459	0.431227	0.197152	0.013480	0.641859
0.7494	0.432424	0.198299	0.013380	0.644103
0.7529	0.433591	0.199446	0.013243	0.646280
0.7564	0.434727	0.200593	0.013073	0.648393
0.7599	0.435831	0.201738	0.012874	0.650444
0.7634	0.436906	0.202882	0.012651	0.652439
0.7669	0.437953	0.204022	0.012407	0.654382
0.7704	0.438975	0.205159	0.012148	0.656282
0.7739	0.439977	0.206290	0.011879	0.658146
0.7774	0.440961	0.207416	0.011605	0.659983
0.7809	0.441934	0.208535	0.011332	0.661801
0.7844	0.442898	0.209646	0.011065	0.663608
0.7879	0.443859	0.210746	0.010809	0.665414
0.7914	0.444820	0.211836	0.010569	0.667225
0.7949	0.445787	0.212911	0.010350	0.669049
0.7984	0.446763	0.213971	0.010157	0.670891
0.8019	0.447749	0.215012	0.009994	0.672755
0.8054	0.448749	0.216030	0.009865	0.674644
0.8089	0.449763	0.217023	0.009773	0.676559
0.8124	0.450792	0.217987	0.009721	0.678500
0.8159	0.451835	0.218918	0.009712	0.680466
0.8194	0.452890	0.219813	0.009749	0.682452
0.8229	0.453956	0.220666	0.009832	0.684454
0.8264	0.455029	0.221474	0.009963	0.686466
0.8299	0.456107	0.222234	0.010142	0.688482
0.8334	0.457183	0.222941	0.010368	0.690493
0.8369	0.458256	0.223595	0.010641	0.692492
0.8404	0.459319	0.224192	0.010960	0.694471
0.8439	0.460369	0.224732	0.011321	0.696422
0.8474	0.461401	0.225215	0.011722	0.698338
0.8509	0.462412	0.225641	0.012160	0.700212
0.8544	0.463399	0.226013	0.012629	0.702041
0.8579	0.464358	0.226335	0.013126	0.703819
0.8614	0.465289	0.226611	0.013645	0.705545
0.8649	0.466190	0.226849	0.014180	0.707219
0.8684	0.467061	0.227056	0.014724	0.708842
0.8719	0.467904	0.227242	0.015272	0.710417
0.8754	0.468718	0.227415	0.015816	0.711950
0.8789	0.469508	0.227589	0.016349	0.713446
0.8824	0.470275	0.227774	0.016865	0.714914
0.8859	0.471025	0.227983	0.017356	0.716363
0.8894	0.471759	0.228228	0.017816	0.717804
0.8929	0.472484	0.228523	0.018240	0.719246
0.8964	0.473203	0.228879	0.018621	0.720702
0.8999	0.473921	0.229307	0.018954	0.722182
0.9035	0.474642	0.229819	0.019235	0.723696
0.9070	0.475369	0.230423	0.019461	0.725254
0.9105	0.476107	0.231127	0.019630	0.726864
0.9140	0.476858	0.231935	0.019739	0.728533
0.9175	0.477623	0.232852	0.019789	0.730264
0.9210	0.478405	0.233878	0.019779	0.732062
0.9245	0.479203	0.235012	0.019711	0.733927
0.9280	0.480017	0.236251	0.019588	0.735856
0.9315	0.480846	0.237587	0.019413	0.737845
0.9350	0.481687	0.239013	0.019189	0.739890
0.9385	0.482539	0.240518	0.018923	0.741980
0.9420	0.483397	0.242089	0.018619	0.744106
0.9455	0.484259	0.243712	0.018285	0.746256
0.9490	0.485119	0.245372	0.017927	0.748417
0.9525	0.485974	0.247051	0.017551	0.750576
0.9560	0.486819	0.248732	0.017166	0.752718
0.9595	0.487651	0.250398	0.016779	0.754829
0.9630	0.488465	0.252031	0.016398	0.756894
0.9665	0.489259	0.253615	0.016029	0.758903
0.9700	0.490028	0.255132	0.015681	0.760842
0.9735	0.490772	0.256570	0.015360	0.762702
0.9770	0.491489	0.257915	0.015073	0.764477
0.9805	0.492177	0.259156	0.014827	0.766160
0.9840	0.492837	0.260286	0.014626	0.767749
0.9875	0.493470	0.261298	0.014476	0.769243
0.9910	0.494078	0.262189	0.014380	0.770647
0.9945	0.494662	0.262958	0.014344	0.771964
0.9980	0.495226	0.263610	0.014369	0.773204
1.0015	0.495772	0.264147	0.014457	0.774376
1.0050	0.496305	0.264578	0.014610	0.775493
1.0085	0.496828	0.264913	0.014828	0.776569
1.0120	0.497345	0.265164	0.015110	0.777619
1.0155	0.497859	0.265346	0.015455	0.778660
1.0190	0.498374	0.265473	0.015860	0.779708
1.0225	0.498894	0.265562	0.016323	0.780779
1.0260	0.499421	0.265631	0.016838	0.781890
1.0295	0.499956	0.265697	0.017401	0.783054
1.0330	0.500502	0.265777	0.018006	0.784285
1.0365	0.501060	0.265888	0.018646	0.785594
1.0400	0.501628	0.266045	0.019314	0.786988
1.0435	0.502208	0.266263	0.020003	0.788474
1.0470	0.502797	0.266553	0.020704	0.790055
1.0505	0.503395	0.266927	0.021408	0.791729
1.0540	0.503998	0.267391	0.022107	0.793495
1.0575	0.504604	0.267952	0.022791	0.795346
1.0610	0.505210	0.268611	0.023452	0.797273
1.0645	0.505814	0.269370	0.024081	0.799264
1.0680	0.506411	0.270224	0.024670	0.801306
1.0715	0.507000	0.271170	0.025212	0.803382
1.0750	0.507577	0.272201	0.025698	0.805475
1.0785	0.508139	0.273306	0.026123	0.807569
1.0820	0.508686	0.274475	0.026482	0.809643
1.0855	0.509214	0.275696	0.026770	0.811679
1.0890	0.509723	0.276954	0.026984	0.813661
1.0925	0.510212	0.278237	0.027122	0.815571
1.0960	0.510682	0.279531	0.027183	0.817395
1.0995	0.511132	0.280821	0.027168	0.819120
1.1031	0.511563	0.282094	0.027079	0.820736
1.1066	0.511977	0.283340	0.026918	0.822235
1.1101	0.512376	0.284548	0.026689	0.823613
1.1136	0.512762	0.285708	0.026398	0.824868
1.1171	0.513136	0.286815	0.026051	0.826003
1.1206	0.513502	0.287864	0.025655	0.827021
1.1241	0.513861	0.288852	0.025219	0.827932
1.1276	0.514216	0.289780	0.024750	0.828745
1.1311	0.514568	0.290649	0.024257	0.829475
1.1346	0.514920	0.291464	0.023751	0.830135
1.1381	0.515272	0.292231	0.023241	0.830743
1.1416	0.515626	0.292956	0.022736	0.831318
1.1451	0.515982	0.293649	0.022248	0.831878
1.1486	0.516340	0.294318	0.021784	0.832443
1.1521	0.516700	0.294975	0.021355	0.833031
1.1556	0.517062	0.295629	0.020970	0.833660
1.1591	0.517424	0.296289	0.020636	0.834349
1.1626	0.517786	0.296965	0.020361	0.835111
1.1661	0.518145	0.297665	0.020152	0.835962
1.1696	0.518501	0.298395	0.020015	0.836910
1.1731	0.518851	0.299160	0.019954	0.837966
1.1766	0.519196	0.299964	0.019974	0.839134
1.1801	0.519532	0.300808	0.020077	0.840417
1.1836	0.519859	0.301690	0.020265	0.841814
1.1871	0.520177	0.302608	0.020538	0.843323
1.1906	0.520484	0.303557	0.020895	0.844936
1.1941	0.520781	0.304531	0.021333	0.846646
1.1976	0.521068	0.305522	0.021850	0.848439
1.2011	0.521344	0.306520	0.022441	0.850304
1.2046	0.521610	0.307515	0.023099	0.852225
1.2081	0.521867	0.308498	0.023818	0.854184
1.2116	0.522117	0.309458	0.024590	0.856165
1.2151	0.522359	0.310384	0.025406	0.858150
1.2186	0.522596	0.311269	0.026255	0.860120
1.2221	0.522827	0.312103	0.027128	0.862058
1.2256	0.523054	0.312881	0.028013	0.863948
1.2291	0.523278	0.313599	0.028898	0.865775
1.2326	0.523498	0.314254	0.029774	0.867525
1.2361	0.523714	0.314847	0.030627	0.869187
1.2396	0.523927	0.315380	0.031446	0.870753
1.2431	0.524136	0.315859	0.032221	0.872216
1.2466	0.524341	0.316291	0.032941	0.873573
1.2501	0.524539	0.316687	0.033597	0.874823
1.2536	0.524731	0.317058	0.034180	0.875969
1.2571	0.524915	0.317417	0.034683	0.877015
1.2606	0.525090	0.317780	0.035099	0.877968
1.2641	0.525254	0.318160	0.035424	0.878838
1.2676	0.525407	0.318574	0.035654	0.879636
1.2711	0.525548	0.319038	0.035789	0.880375
1.2746	0.525677	0.319564	0.035826	0.881068
1.2781	0.525793	0.320167	0.035769	0.881729
1.2816	0.525896	0.320857	0.035619	0.882373
1.2851	0.525988	0.321644	0.035381	0.883013
1.2886	0.526070	0.322532	0.035061	0.883663
1.2921	0.526142	0.323525	0.034666	0.884333
1.2956	0.526207	0.324624	0.034203	0.885034
1.2991	0.526266	0.325824	0.033683	0.885772
1.3027	0.526321	0.327118	0.033116	0.886555
1.3062	0.526375	0.328497	0.032511	0.887383
1.3097	0.526429	0.329947	0.031882	0.888258
1.3132	0.526485	0.331454	0.031239	0.889178
1.3167	0.526546	0.332998	0.030595	0.890139
1.3202	0.526610	0.334561	0.029963	0.891133
1.3237	0.526680	0.336121	0.029353	0.892153
1.3272	0.526755	0.337657	0.028778	0.893189
1.3307	0.526834	0.339148	0.028249	0.894231
1.3342	0.526917	0.340573	0.027778	0.895268
1.3377	0.527002	0.341913	0.027373	0.896288
1.3412	0.527086	0.343151	0.027045	0.897282
1.3447	0.527167	0.344273	0.026801	0.898242
1.3482	0.527242	0.345268	0.026649	0.899159
1.3517	0.527308	0.346128	0.026594	0.900030
1.3552	0.527361	0.346848	0.026642	0.900851
1.3587	0.527400	0.347430	0.026794	0.901624
1.3622	0.527421	0.347878	0.027052	0.902351
1.3657	0.527422	0.348201	0.027417	0.903040
1.3692	0.527402	0.348410	0.027886	0.903698
1.3727	0.527359	0.348521	0.028457	0.904338
1.3762	0.527294	0.348555	0.029125	0.904974
1.3797	0.527207	0.348532	0.029883	0.905623
1.3832	0.527100	0.348477	0.030723	0.906300
1.3867	0.526975	0.348414	0.031635	0.907024
1.3902	0.526833	0.348370	0.032610	0.907813
1.3937	0.526680	0.348368	0.033634	0.908682
1.3972	0.526518	0.348435	0.034695	0.909648
1.4007	0.526352	0.348592	0.035779	0.910723
1.4042	0.526185	0.348860	0.036872	0.911917
1.4077	0.526021	0.349256	0.037959	0.913236
1.4112	0.525864	0.349793	0.039025	0.914681
1.4147	0.525716	0.350480	0.040055	0.916251
1.4182	0.525581	0.351323	0.041036	0.917939
1.4217	0.525458	0.352322	0.041953	0.919733
1.4252	0.525349	0.353473	0.042794	0.921616
1.4287	0.525254	0.354766	0.043548	0.923569
1.4322	0.525171	0.356190	0.044205	0.925566
1.4357	0.525098	0.357726	0.044756	0.927580
1.4392	0.525032	0.359355	0.045194	0.929581
1.4427	0.524969	0.361054	0.045516	0.931539
1.4462	0.524905	0.362798	0.045717	0.933420
1.4497	0.524836	0.364559	0.045798	0.935192
1.4532	0.524756	0.366311	0.045758	0.936826
1.4567	0.524663	0.368028	0.045603	0.938293
1.4602	0.524551	0.369683	0.045335	0.939569
1.4637	0.524416	0.371253	0.044963	0.940633
1.4672	0.524257	0.372717	0.044495	0.941470
1.4707	0.524071	0.374057	0.043941	0.942069
1.4742	0.523856	0.375259	0.043312	0.942427
1.4777	0.523614	0.376312	0.042621	0.942547
1.4812	0.523344	0.377212	0.041880	0.942436
1.4847	0.523049	0.377957	0.041105	0.942112
1.4882	0.522731	0.378552	0.040310	0.941593
1.4917	0.522395	0.379004	0.039510	0.940909
1.4952	0.522045	0.379326	0.038719	0.940090
1.4987	0.521684	0.379535	0.037953	0.939172
1.5023	0.521318	0.379650	0.037226	0.938194
1.5058	0.520952	0.379693	0.036552	0.937197
1.5093	0.520591	0.379688	0.035945	0.936224
1.5128	0.520238	0.379661	0.035418	0.935316
1.5163	0.519896	0.379639	0.034980	0.934515
1.5198	0.519569	0.379645	0.034644	0.933859
1.5233	0.519259	0.379706	0.034417	0.933382
1.5268	0.518965	0.379844	0.034307	0.933116
1.5303	0.518687	0.380078	0.034321	0.933086
1.5338	0.518425	0.380426	0.034461	0.933312
1.5373	0.518176	0.380900	0.034731	0.933807
1.5408	0.517935	0.381511	0.035131	0.934577
1.5443	0.517701	0.382262	0.035660	0.935623
1.5478	0.517468	0.383156	0.036313	0.936936
1.5513	0.517230	0.384188	0.037086	0.938504
1.5548	0.516985	0.385350	0.037970	0.940305
1.5583	0.516726	0.386630	0.038958	0.942314
1.5618	0.516449	0.388014	0.040037	0.944500
1.5653	0.516150	0.389482	0.041195	0.946828
1.5688	0.515827	0.391015	0.042417	0.949259
1.5723	0.515476	0.392590	0.043688	0.951754
1.5758	0.515097	0.394183	0.044991	0.954270
1.5793	0.514688	0.395771	0.046307	0.956767
1.5828	0.514251	0.397331	0.047620	0.959202
1.5863	0.513787	0.398842	0.048911	0.961539
1.5898	0.513298	0.400282	0.050161	0.963741
1.5933	0.512789	0.401635	0.051353	0.965777
1.5968	0.512263	0.402886	0.052469	0.967618
1.6003	0.511724	0.404025	0.053495	0.969245
1.6038	0.511178	0.405045	0.054415	0.970638
1.6073	0.510630	0.405943	0.055216	0.971789
1.6108	0.510083	0.406718	0.055889	0.972691
1.6143	0.509544	0.407378	0.056424	0.973345
1.6178	0.509014	0.407929	0.056815	0.973759
1.6213	0.508498	0.408385	0.057058	0.973942
1.6248	0.507998	0.408760	0.057153	0.973911
1.6283	0.507515	0.409071	0.057100	0.973686
1.6318	0.507049	0.409337	0.056904	0.973289
1.6353	0.506599	0.409578	0.056570	0.972747
1.6388	0.506163	0.409815	0.056108	0.972087
1.6423	0.505740	0.410069	0.055527	0.971335
1.6458	0.505324	0.410357	0.054840	0.970522
1.6493	0.504912	0.410699	0.054062	0.969673
1.6528	0.504499	0.411108	0.053209	0.968816
1.6563	0.504080	0.411599	0.052296	0.967975
1.6598	0.503651	0.412179	0.051342	0.967172
1.6633	0.503206	0.412857	0.050365	0.966427
1.6668	0.502740	0.413633	0.049383	0.965756
1.6703	0.502251	0.414509	0.048415	0.965175
1.6738	0.501736	0.415478	0.047480	0.964694
1.6773	0.501192	0.416535	0.046595	0.964322
1.6808	0.500618	0.417669	0.045778	0.964065
1.6843	0.500014	0.418867	0.045044	0.963926
1.6878	0.499383	0.420116	0.044409	0.963907
1.6913	0.498725	0.421398	0.043886	0.964009
1.6948	0.498045	0.422697	0.043487	0.964229
1.6983	0.497345	0.423998	0.043223	0.964567
1.7019	0.496632	0.425283	0.043103	0.965018
1.7054	0.495909	0.426538	0.043132	0.965579
1.7089	0.495182	0.427748	0.043316	0.966246
1.7124	0.494455	0.428904	0.043656	0.967015
1.7159	0.493735	0.429995	0.044152	0.967882
1.7194	0.493024	0.431016	0.044803	0.968842
1.7229	0.492326	0.431963	0.045602	0.969890
1.7264	0.491644	0.432835	0.046543	0.971022
1.7299	0.490980	0.433635	0.047616	0.972231
1.7334	0.490333	0.434368	0.048810	0.973511
1.7369	0.489703	0.435041	0.050111	0.974855
1.7404	0.489089	0.435663	0.051502	0.976255
1.7439	0.488488	0.436246	0.052966	0.977700
1.7474	0.487895	0.436801	0.054484	0.979180
1.7509	0.487307	0.437342	0.056035	0.980684
1.7544	0.486718	0.437881	0.057597	0.982197
1.7579	0.486124	0.438431	0.059150	0.983705
1.7614	0.485520	0.439002	0.060670	0.985192
1.7649	0.484899	0.439606	0.062136	0.986641
1.7684	0.484259	0.440250	0.063527	0.988035
1.7719	0.483594	0.440941	0.064821	0.989357
1.7754	0.482902	0.441684	0.066001	0.990588
1.7789	0.482182	0.442481	0.067050	0.991713
1.7824	0.481431	0.443331	0.067952	0.992714
1.7859	0.480651	0.444232	0.068695	0.993579
1.7894	0.479842	0.445180	0.069270	0.994292
1.7929	0.479008	0.446167	0.069670	0.994845
1.7964	0.478151	0.447187	0.069891	0.995229
1.7999	0.477276	0.448230	0.069932	0.995439
1.8034	0.476388	0.449287	0.069796	0.995471
1.8069	0.475491	0.450348	0.069489	0.995328
1.8104	0.474590	0.451403	0.069020	0.995013
1.8139	0.473692	0.452442	0.068398	0.994533
1.8174	0.472800	0.453459	0.067640	0.993898
1.8209	0.471918	0.454445	0.066760	0.993122
1.8244	0.471050	0.455395	0.065777	0.992221
1.8279	0.470198	0.456305	0.064710	0.991213
1.8314	0.469363	0.457174	0.063581	0.990119
1.8349	0.468546	0.458002	0.062413	0.988961
1.8384	0.467745	0.458790	0.061226	0.987762
1.8419	0.466958	0.459542	0.060046	0.986546
1.8454	0.466182	0.460264	0.058893	0.985339
1.8489	0.465414	0.460961	0.057791	0.984166
1.8524	0.464648	0.461642	0.056760	0.983050
1.8559	0.463879	0.462315	0.055822	0.982016
1.8594	0.463103	0.462988	0.054996	0.981086
1.8629	0.462314	0.463669	0.054297	0.980281
1.8664	0.461508	0.464367	0.053743	0.979619
1.8699	0.460680	0.465090	0.053347	0.979117
1.8734	0.459828	0.465842	0.053119	0.978789
1.8769	0.458947	0.466630	0.053069	0.978646
1.8804	0.458038	0.467455	0.053202	0.978696
1.8839	0.457100	0.468321	0.053523	0.978943
1.8874	0.456133	0.469225	0.054031	0.979389
1.8909	0.455139	0.470167	0.054724	0.980030
1.8944	0.454122	0.471142	0.055598	0.980862
1.8979	0.453086	0.472144	0.056644	0.981874
1.9015	0.452033	0.473169	0.057852	0.983054
1.9050	0.450970	0.474206	0.059208	0.984384
1.9085	0.449902	0.475249	0.060696	0.985846
1.9120	0.448833	0.476287	0.062297	0.987417
1.9155	0.447768	0.477313	0.063991	0.989072
1.9190	0.446711	0.478318	0.065756	0.990785
1.9225	0.445667	0.479294	0.067566	0.992526
1.9260	0.444636	0.480234	0.069397	0.994267
1.9295	0.443621	0.481133	0.071223	0.995978
1.9330	0.442623	0.481988	0.073018	0.997628
1.9365	0.441639	0.482797	0.074754	0.999190
1.9400	0.440670	0.483560	0.076407	1.000636
1.9435	0.439711	0.484278	0.077952	1.001941
1.9470	0.438759	0.484958	0.079366	1.003083
1.9505	0.437811	0.485603	0.080629	1.004042
1.9540	0.436860	0.486222	0.081721	1.004803
1.9575	0.435903	0.486822	0.082628	1.005354
1.9610	0.434934	0.487415	0.083338	1.005687
1.9645	0.433949	0.488009	0.083841	1.005799
1.9680	0.432944	0.488615	0.084131	1.005691
1.9715	0.431916	0.489243	0.084209	1.005368
1.9750	0.430861	0.489903	0.084075	1.004839
1.9785	0.429779	0.490601	0.083737	1.004117
1.9820	0.428669	0.491346	0.083202	1.003218
1.9855	0.427532	0.492141	0.082486	1.002159
1.9890	0.426370	0.492989	0.081603	1.000962
1.9925	0.425185	0.493891	0.080572	0.999649
1.9960	0.423981	0.494845	0.079416	0.998242
1.9995	0.422762	0.495848	0.078158	0.996767
2.0030	0.421532	0.496892	0.076822	0.995246
2.0065	0.420296	0.497970	0.075437	0.993702
2.0100	0.419059	0.499072	0.074028	0.992159
2.0135	0.417825	0.500188	0.072624	0.990637
2.0170	0.416598	0.501306	0.071253	0.989156
2.0205	0.415381	0.502414	0.069940	0.987735
2.0240	0.414176	0.503500	0.068713	0.986389
2.0275	0.412984	0.504554	0.067596	0.985134
2.0310	0.411807	0.505566	0.066612	0.983984
2.0345	0.410642	0.506527	0.065781	0.982950
2.0380	0.409489	0.507431	0.065124	0.982043
2.0415	0.408344	0.508274	0.064655	0.981273
2.0450	0.407204	0.509054	0.064388	0.980646
2.0485	0.406066	0.509773	0.064333	0.980172
2.0520	0.404925	0.510433	0.064497	0.979855
2.0555	0.403776	0.511041	0.064883	0.979700
2.0590	0.402615	0.511605	0.065492	0.979712
2.0625	0.401438	0.512135	0.066321	0.979893
2.0660	0.400241	0.512641	0.067362	0.980243
2.0695	0.399022	0.513136	0.068605	0.980763
2.0730	0.397779	0.513634	0.070036	0.981449
2.0765	0.396510	0.514147	0.071639	0.982296
2.0800	0.395215	0.514686	0.073394	0.983296
2.0835	0.393896	0.515265	0.075277	0.984438
2.0870	0.392553	0.515890	0.077264	0.985708
2.0905	0.391191	0.516571	0.079327	0.987089
2.0940	0.389811	0.517313	0.081436	0.988561
2.0975	0.388418	0.518118	0.083563	0.990099
2.1011	0.387016	0.518986	0.085675	0.991676
2.1046	0.385608	0.519915	0.087741	0.993264
2.1081	0.384199	0.520899	0.089731	0.994829
2.1116	0.382793	0.521931	0.091614	0.996338
2.1151	0.381393	0.523001	0.093362	0.997757
2.1186	0.380001	0.524098	0.094950	0.999049
2.1221	0.378619	0.525210	0.096353	1.000181
2.1256	0.377247	0.526324	0.097550	1.001121
2.1291	0.375886	0.527426	0.098525	1.001836
2.1326	0.374534	0.528503	0.099264	1.002301
2.1361	0.373189	0.529545	0.099759	1.002494
2.1396	0.371850	0.530541	0.100004	1.002395
2.1431	0.370513	0.531482	0.099999	1.001994
2.1466	0.369173	0.532363	0.099749	1.001285
2.1501	0.367828	0.533179	0.099262	1.000269
2.1536	0.366474	0.533930	0.098551	0.998954
2.1571	0.365106	0.534617	0.097632	0.997355
2.1606	0.363722	0.535243	0.096527	0.995492
2.1641	0.362319	0.535817	0.095258	0.993394
2.1676	0.360894	0.536345	0.093854	0.991092
2.1711	0.359447	0.536838	0.092341	0.988626
2.1746	0.357976	0.537309	0.090752	0.986037
2.1781	0.356483	0.537768	0.089118	0.983369
2.1816	0.354968	0.538228	0.087472	0.980669
2.1851	0.353433	0.538702	0.085848	0.977983
2.1886	0.351881	0.539202	0.084277	0.975360
2.1921	0.350314	0.539737	0.082791	0.972842
2.1956	0.348736	0.540316	0.081422	0.970473
2.1991	0.347151	0.540945	0.080196	0.968292
2.2026	0.345561	0.541630	0.079141	0.966331
2.2061	0.343970	0.542371	0.078280	0.964621
2.2096	0.342381	0.543169	0.077634	0.963183
2.2131	0.340795	0.544020	0.077219	0.962034
2.2166	0.339216	0.544919	0.077049	0.961184
2.2201	0.337643	0.545860	0.077134	0.960637
2.2236	0.336077	0.546832	0.077479	0.960389
2.2271	0.334518	0.547827	0.078086	0.960430
2.2306	0.332963	0.548832	0.078951	0.960746
2.2341	0.331412	0.549835	0.080068	0.961315
2.2376	0.329861	0.550827	0.081425	0.962113
2.2411	0.328308	0.551795	0.083008	0.963111
2.2446	0.326750	0.552729	0.084796	0.964276
2.2481	0.325184	0.553621	0.086767	0.965572
2.2516	0.323606	0.554465	0.088895	0.966965
2.2551	0.322014	0.555254	0.091149	0.968417
2.2586	0.320406	0.555987	0.093499	0.969891
2.2621	0.318778	0.556663	0.095910	0.971350
2.2656	0.317131	0.557283	0.098346	0.972760
2.2691	0.315462	0.557852	0.100772	0.974086
2.2726	0.313773	0.558375	0.103151	0.975299
2.2761	0.312064	0.558861	0.105446	0.976371
2.2796	0.310336	0.559317	0.107622	0.977275
2.2831	0.308591	0.559753	0.109647	0.977991
2.2866	0.306830	0.560181	0.111488	0.978500
2.2901	0.305058	0.560610	0.113118	0.978786
2.2936	0.303276	0.561051	0.114513	0.978839
2.2971	0.301487	0.561512	0.115652	0.978650
2.3007	0.299694	0.562002	0.116519	0.978214
2.3042	0.297899	0.562527	0.117103	0.977529
2.3077	0.296104	0.563092	0.117399	0.976595
2.3112	0.294311	0.563700	0.117406	0.975417
2.3147	0.292520	0.564352	0.117129	0.974002
2.3182	0.290733	0.565047	0.116577	0.972357
2.3217	0.288948	0.565780	0.115766	0.970494
2.3252	0.287165	0.566548	0.114714	0.968428
2.3287	0.285383	0.567343	0.113447	0.966173
2.3322	0.283600	0.568157	0.111990	0.963747
2.3357	0.281813	0.568982	0.110377	0.961172
2.3392	0.280021	0.569807	0.108640	0.958468
2.3427	0.278220	0.570624	0.106817	0.955660
2.3462	0.276408	0.571422	0.104944	0.952774
2.3497	0.274583	0.572194	0.103060	0.949837
2.3532	0.272742	0.572931	0.101204	0.946878
2.3567	0.270885	0.573629	0.099414	0.943928
2.3602	0.269009	0.574281	0.097728	0.941017
2.3637	0.267113	0.574885	0.096181	0.938179
2.3672	0.265199	0.575441	0.094805	0.935445
2.3707	0.263265	0.575950	0.093632	0.932846
2.3742	0.261312	0.576414	0.092688	0.930414
2.3777	0.259343	0.576838	0.091997	0.928178
2.3812	0.257359	0.577228	0.091577	0.926163
2.3847	0.255361	0.577590	0.091444	0.924395
2.3882	0.253351	0.577934	0.091607	0.922892
2.3917	0.251333	0.578266	0.092072	0.921671
2.3952	0.249308	0.578596	0.092838	0.920742
2.3987	0.247278	0.578931	0.093900	0.920109
2.4022	0.245244	0.579278	0.095249	0.919772
2.4057	0.243209	0.579644	0.096869	0.919722
2.4092	0.241173	0.580033	0.098741	0.919947
2.4127	0.239136	0.580448	0.100840	0.920424
2.4162	0.237098	0.580891	0.103137	0.921127
2.4197	0.235058	0.581362	0.105601	0.922022
2.4232	0.233017	0.581859	0.108196	0.923072
2.4267	0.230971	0.582377	0.110884	0.924232
2.4302	0.228920	0.582914	0.113623	0.925457
2.4337	0.226861	0.583462	0.116373	0.926696
2.4372	0.224792	0.584014	0.119092	0.927898
2.4407	0.222711	0.584564	0.121736	0.929011
2.4442	0.220617	0.585104	0.124264	0.929986
2.4477	0.218507	0.585627	0.126638	0.930772
2.4512	0.216380	0.586125	0.128820	0.931325
2.4547	0.214235	0.586593	0.130775	0.931604
2.4582	0.212072	0.587027	0.132474	0.931572
2.4617	0.209890	0.587421	0.133892	0.931202
2.4652	0.207690	0.587774	0.135007	0.930471
2.4687	0.205472	0.588086	0.135805	0.929363
2.4722	0.203238	0.588356	0.136278	0.927872
2.4757	0.200989	0.588588	0.136421	0.925997
2.4792	0.198727	0.588783	0.136238	0.923748
2.4827	0.196454	0.588947	0.135738	0.921139
2.4862	0.194172	0.589084	0.134936	0.918192
2.4897	0.191884	0.589199	0.133852	0.914936
2.4932	0.189591	0.589299	0.132513	0.911403
2.4967	0.187294	0.589388	0.130950	0.907632
2.5003	0.184996	0.589471	0.129196	0.903663
2.5038	0.182698	0.589553	0.127290	0.899541
2.5073	0.180399	0.589637	0.125274	0.895311
2.5108	0.178102	0.589726	0.123190	0.891018
2.5143	0.175807	0.589820	0.121082	0.886709
2.5178	0.173512	0.589919	0.118997	0.882428
2.5213	0.171218	0.590023	0.116976	0.878218
2.5248	0.168926	0.590128	0.115065	0.874119
2.5283	0.166634	0.590232	0.113305	0.870170
2.5318	0.164341	0.590330	0.111734	0.866405
2.5353	0.162049	0.590417	0.110388	0.862854
2.5388	0.159757	0.590488	0.109298	0.859543
2.5423	0.157465	0.590539	0.108492	0.856496
2.5458	0.155174	0.590562	0.107993	0.853729
2.5493	0.152885	0.590554	0.107817	0.851256
2.5528	0.150599	0.590510	0.107977	0.849086
2.5563	0.148318	0.590426	0.108478	0.847222
2.5598	0.146045	0.590298	0.109320	0.845663
2.5633	0.143781	0.590125	0.110497	0.844404
2.5668	0.141530	0.589905	0.111998	0.843433
2.5703	0.139293	0.589637	0.113804	0.842734
2.5738	0.137075	0.589321	0.115892	0.842289
2.5773	0.134877	0.588958	0.118234	0.842070
2.5808	0.132703	0.588548	0.120797	0.842049
2.5843	0.130555	0.588094	0.123543	0.842192
2.5878	0.128435	0.587595	0.126430	0.842461
2.5913	0.126345	0.587054	0.129416	0.842815
2.5948	0.124287	0.586471	0.132453	0.843210
2.5983	0.122260	0.585847	0.135493	0.843600
2.6018	0.120267	0.585181	0.138489	0.843937
2.6053	0.118306	0.584473	0.141394	0.844173
2.6088	0.116378	0.583720	0.144159	0.844258
2.6123	0.114482	0.582921	0.146742	0.844144
2.6158	0.112616	0.582070	0.149101	0.843787
2.6193	0.110780	0.581164	0.151200	0.843143
2.6228	0.108972	0.580197	0.153005	0.842173
2.6263	0.107190	0.579164	0.154489	0.840842
2.6298	0.105433	0.578056	0.155632	0.839121
2.6333	0.103700	0.576867	0.156418	0.836985
2.6368	0.101990	0.575590	0.156840	0.834419
2.6403	0.100300	0.574216	0.156897	0.831412
2.6438	0.098631	0.572737	0.156593	0.827961
2.6473	0.096982	0.571145	0.155944	0.824071
2.6508	0.095353	0.569433	0.154966	0.819753
2.6543	0.093743	0.567594	0.153687	0.815024
2.6578	0.092153	0.565619	0.152137	0.809910
2.6613	0.090583	0.563504	0.150354	0.804441
2.6648	0.089033	0.561241	0.148378	0.798652
2.6683	0.087504	0.558826	0.146253	0.792584
2.6718	0.085997	0.556254	0.144028	0.786279
2.6753	0.084511	0.553521	0.141752	0.779784
2.6788	0.083048	0.550624	0.139474	0.773146
2.6823	0.081606	0.547559	0.137247	0.766412
2.6858	0.080188	0.544326	0.135118	0.759631
2.6893	0.078791	0.540922	0.133136	0.752849
2.6928	0.077416	0.537346	0.131347	0.746109
2.6963	0.076061	0.533600	0.129791	0.739452
2.6998	0.074727	0.529682	0.128506	0.732916
2.7034	0.073412	0.525595	0.127526	0.726533
2.7069	0.072115	0.521341	0.126876	0.720332
2.7104	0.070835	0.516921	0.126579	0.714335
2.7139	0.069571	0.512340	0.126648	0.708558
2.7174	0.068320	0.507600	0.127093	0.703014
2.7209	0.067084	0.502708	0.127915	0.697707
2.7244	0.065859	0.497668	0.129108	0.692635
2.7279	0.064646	0.492487	0.130661	0.687793
2.7314	0.063443	0.487171	0.132553	0.683167
2.7349	0.062252	0.481728	0.134760	0.678740
2.7384	0.061070	0.476166	0.137251	0.674487
2.7419	0.059899	0.470495	0.139988	0.670382
2.7454	0.058739	0.464723	0.142931	0.666393
2.7489	0.057590	0.458860	0.146033	0.662483
2.7524	0.056453	0.452915	0.149246	0.658614
2.7559	0.055328	0.446900	0.152519	0.654746
2.7594	0.054216	0.440823	0.155797	0.650836
2.7629	0.053118	0.434695	0.159030	0.646843
2.7664	0.052035	0.428526	0.162163	0.642724
2.7699	0.050967	0.422325	0.165145	0.638437
2.7734	0.049915	0.416101	0.167929	0.633945
2.7769	0.048878	0.409863	0.170469	0.629210
2.7804	0.047857	0.403618	0.172725	0.624200
2.7839	0.046852	0.397374	0.174661	0.618887
2.7874	0.045862	0.391137	0.176250	0.613249
2.7909	0.044887	0.384912	0.177468	0.607268
2.7944	0.043927	0.378705	0.178301	0.600933
2.7979	0.042980	0.372520	0.178741	0.594242
2.8014	0.042046	0.366361	0.178787	0.587195
2.8049	0.041125	0.360231	0.178449	0.579804
2.8084	0.040214	0.354131	0.177740	0.572086
2.8119	0.039314	0.348065	0.176684	0.564064
2.8154	0.038424	0.342034	0.175311	0.555769
2.8189	0.037544	0.336038	0.173655	0.547237
2.8224	0.036672	0.330080	0.171758	0.538511
2.8259	0.035809	0.324161	0.169667	0.529637
2.8294	0.034955	0.318281	0.167430	0.520665
2.8329	0.034109	0.312441	0.165101	0.511651
2.8364	0.033273	0.306642	0.162734	0.502649
2.8399	0.032446	0.300886	0.160384	0.493716
2.8434	0.031630	0.295174	0.158106	0.484909
2.8469	0.030824	0.289506	0.155954	0.476284
2.8504	0.030029	0.283886	0.153979	0.467893
2.8539	0.029246	0.278313	0.152228	0.459787
2.8574	0.028475	0.272791	0.150746	0.452012
2.8609	0.027718	0.267320	0.149571	0.444608
2.8644	0.026973	0.261902	0.148735	0.437610
2.8679	0.026243	0.256541	0.148264	0.431047
2.8714	0.025526	0.251236	0.148178	0.424940
2.8749	0.024823	0.245991	0.148489	0.419302
2.8784	0.024133	0.240807	0.149200	0.414140
2.8819	0.023457	0.235685	0.150309	0.409451
2.8854	0.022793	0.230628	0.151805	0.405227
2.8889	0.022142	0.225637	0.153669	0.401449
2.8924	0.021504	0.220713	0.155876	0.398092
2.8959	0.020876	0.215856	0.158394	0.395126
2.8994	0.020259	0.211069	0.161183	0.392512
2.9030	0.019653	0.206352	0.164201	0.390206
2.9065	0.019056	0.201706	0.167399	0.388161
2.9100	0.018468	0.197130	0.170726	0.386324
2.9135	0.017889	0.192626	0.174126	0.384641
2.9170	0.017319	0.188193	0.177543	0.383055
2.9205	0.016757	0.183830	0.180921	0.381508
2.9240	0.016204	0.179538	0.184203	0.379945
2.9275	0.015659	0.175317	0.187335	0.378311
2.9310	0.015123	0.171164	0.190266	0.376552
2.9345	0.014595	0.167080	0.192947	0.374622
2.9380	0.014076	0.163063	0.195337	0.372476
2.9415	0.013567	0.159112	0.197398	0.370077
2.9450	0.013067	0.155226	0.199099	0.367393
2.9485	0.012577	0.151404	0.200418	0.364399
2.9520	0.012097	0.147643	0.201339	0.361079
2.9555	0.011627	0.143942	0.201854	0.357423
2.9590	0.011167	0.140300	0.201964	0.353431
2.9625	0.010718	0.136714	0.201678	0.349110
2.9660	0.010278	0.133183	0.201013	0.344474
2.9695	0.009849	0.129705	0.199993	0.339547
2.9730	0.009430	0.126278	0.198651	0.334359
2.9765	0.009020	0.122902	0.197024	0.328945
2.9800	0.008620	0.119573	0.195156	0.323349
2.9835	0.008229	0.116291	0.193097	0.317616
2.9870	0.007846	0.113053	0.190900	0.311799
2.9905	0.007471	0.109860	0.188619	0.305950
2.9940	0.007105	0.106708	0.186312	0.300125
2.9975	0.006747	0.103598	0.184037	0.294382
3.0010	0.006396	0.100528	0.181851	0.288775
3.0045	0.006052	0.097498	0.179809	0.283359
3.0080	0.005716	0.094506	0.177962	0.278184
3.0115	0.005388	0.091551	0.176361	0.273300
3.0150	0.005067	0.088634	0.175047	0.268749
3.0185	0.004754	0.085754	0.174058	0.264567
3.0220	0.004450	0.082911	0.173426	0.260787
3.0255	0.004154	0.080104	0.173173	0.257431
3.0290	0.003866	0.077334	0.173317	0.254517
3.0325	0.003589	0.074600	0.173864	0.252053
3.0360	0.003321	0.071902	0.174816	0.250039
3.0395	0.003063	0.069242	0.176163	0.248468
3.0430	0.002816	0.066619	0.177891	0.247326
3.0465	0.002580	0.064034	0.179974	0.246588
3.0500	0.002356	0.061487	0.182382	0.246225
3.0535	0.002143	0.058980	0.185077	0.246200
3.0570	0.001943	0.056513	0.188016	0.246472
3.0605	0.001754	0.054086	0.191151	0.246992
3.0640	0.001578	0.051702	0.194430	0.247710
3.0675	0.001414	0.049361	0.197797	0.248572
3.0710	0.001262	0.047065	0.201195	0.249521
3.0745	0.001121	0.044813	0.204567	0.250502
3.0780	0.000992	0.042609	0.207856	0.251458
3.0815	0.000875	0.040454	0.211007	0.252336
3.0850	0.000768	0.038348	0.213968	0.253084
3.0885	0.000671	0.036293	0.216691	0.253655
3.0920	0.000584	0.034291	0.219133	0.254008
3.0955	0.000506	0.032344	0.221256	0.254106
3.0990	0.000436	0.030452	0.223031	0.253920
3.1026	0.000375	0.028618	0.224434	0.253426
3.1061	0.000320	0.026842	0.225450	0.252612
3.1096	0.000273	0.025126	0.226072	0.251471
3.1131	0.000231	0.023471	0.226302	0.250004
3.1166	0.000195	0.021878	0.226149	0.248221
3.1201	0.000164	0.020348	0.225630	0.246141
3.1236	0.000137	0.018882	0.224771	0.243789
3.1271	0.000114	0.017480	0.223604	0.241198
3.1306	0.000094	0.016144	0.222167	0.238405
3.1341	0.000078	0.014872	0.220506	0.235456
3.1376	0.000064	0.013666	0.218670	0.232399
3.1411	0.000052	0.012525	0.216709	0.229286
3.1446	0.000042	0.011448	0.214681	0.226171
3.1481	0.000034	0.010434	0.212640	0.223109
3.1516	0.000028	0.009484	0.210643	0.220155
3.1551	0.000022	0.008595	0.208746	0.217363
3.1586	0.000018	0.007766	0.207001	0.214785
3.1621	0.000014	0.006996	0.205458	0.212468
3.1656	0.000011	0.006283	0.204162	0.210456
3.1691	0.000009	0.005625	0.203152	0.208785
3.1726	0.000007	0.005019	0.202462	0.207488
3.1761	0.000005	0.004465	0.202118	0.206588
3.1796	0.000004	0.003958	0.202141	0.206102
3.1831	0.000003	0.003497	0.202540	0.206040
3.1866	0.000002	0.003079	0.203319	0.206400
3.1901	0.000002	0.002701	0.204474	0.207177
3.1936	0.000001	0.002361	0.205992	0.208355
3.1971	0.000001	0.002057	0.207852	0.209910
3.2006	0.000001	0.001785	0.210027	0.211813
3.2041	0.000001	0.001544	0.212482	0.214026
3.2076	0.000000	0.001330	0.215178	0.216508
3.2111	0.000000	0.001141	0.218069	0.219211
3.2146	0.000000	0.000976	0.221107	0.222083
3.2181	0.000000	0.000831	0.224240	0.225071
3.2216	0.000000	0.000705	0.227415	0.228120
3.2251	0.000000	0.000596	0.230577	0.231173
3.2286	0.000000	0.000501	0.233674	0.234175
3.2321	0.000000	0.000420	0.236654	0.237074
3.2356	0.000000	0.000351	0.239467	0.239818
3.2391	0.000000	0.000292	0.242071	0.242362
3.2426	0.000000	0.000241	0.244423	0.244665
3.2461	0.000000	0.000199	0.246492	0.246691
3.2496	0.000000	0.000163	0.248249	0.248412
3.2531	0.000000	0.000134	0.249673	0.249806
3.2566	0.000000	0.000109	0.250752	0.250861
3.2601	0.000000	0.000088	0.251480	0.251568
3.2636	0.000000	0.000071	0.251860	0.251932
3.2671	0.000000	0.000057	0.251903	0.251960
3.2706	0.000000	0.000046	0.251624	0.251670
3.2741	0.000000	0.000036	0.251050	0.251086
3.2776	0.000000	0.000029	0.250210	0.250239
3.2811	0.000000	0.000023	0.249141	0.249164
3.2846	0.000000	0.000018	0.247885	0.247903
3.2881	0.000000	0.000014	0.246487	0.246501
3.2916	0.000000	0.000011	0.244993	0.245004
3.2951	0.000000	0.000008	0.243455	0.243464
3.2986	0.000000	0.000007	0.241922	0.241929
3.3022	0.000000	0.000005	0.240444	0.240449
3.3057	0.000000	0.000004	0.239068	0.239072
3.3092	0.000000	0.000003	0.237841	0.237844
3.3127	0.000000	0.000002	0.236804	0.236806
3.3162	0.000000	0.000002	0.235994	0.235995
3.3197	0.000000	0.000001	0.235442	0.235443
3.3232	0.000000	0.000001	0.235175	0.235176
3.3267	0.000000	0.000001	0.235212	0.235212
3.3302	0.000000	0.000001	0.235564	0.235564
3.3337	0.000000	0.000000	0.236236	0.236237
3.3372	0.000000	0.000000	0.237227	0.237228
3.3407	0.000000	0.000000	0.238528	0.238528
3.3442	0.000000	0.000000	0.240121	0.240121
3.3477	0.000000	0.000000	0.241984	0.241984
3.3512	0.000000	0.000000	0.244089	0.244089
3.3547	0.000000	0.000000	0.246403	0.246403
3.3582	0.000000	0.000000	0.248887	0.248888
3.3617	0.000000	0.000000	0.251501	0.251501
3.3652	0.000000	0.000000	0.254201	0.254201
3.3687	0.000000	0.000000	0.256942	0.256942
3.3722	0.000000	0.000000	0.259678	0.259678
3.3757	0.000000	0.000000	0.262366	0.262366
3.3792	0.000000	0.000000	0.264962	0.264962
3.3827	0.000000	0.000000	0.267427	0.267427
3.3862	0.000000	0.000000	0.269723	0.269723
3.3897	0.000000	0.000000	0.271820	0.271820
3.3932	0.000000	0.000000	0.273690	0.273690
3.3967	0.000000	0.000000	0.275313	0.275313
3.4002	0.000000	0.000000	0.276673	0.276673
3.4037	0.000000	0.000000	0.277761	0.277761
3.4072	0.000000	0.000000	0.278576	0.278576
3.4107	0.000000	0.000000	0.279121	0.279121
3.4142	0.000000	0.000000	0.279407	0.279407
3.4177	0.000000	0.000000	0.279451	0.279451
3.4212	0.000000	0.000000	0.279275	0.279275
3.4247	0.000000	0.000000	0.278904	0.278904
3.4282	0.000000	0.000000	0.278371	0.278371
3.4317	0.000000	0.000000	0.277708	0.277708
3.4352	0.000000	0.000000	0.276953	0.276953
3.4387	0.000000	0.000000	0.276144	0.276144
3.4422	0.000000	0.000000	0.275319	0.275319
3.4457	0.000000	0.000000	0.274517	0.274517
3.4492	0.000000	0.000000	0.273776	0.273776
3.4527	0.000000	0.000000	0.273130	0.273130
3.4562	0.000000	0.000000	0.272612	0.272612
3.4597	0.000000	0.000000	0.272251	0.272251
3.4632	0.000000	0.000000	0.272072	0.272072
3.4667	0.000000	0.000000	0.272094	0.272094
3.4702	0.000000	0.000000	0.272333	0.272333
3.4737	0.000000	0.000000	0.272797	0.272797
3.4772	0.000000	0.000000	0.273492	0.273492
3.4807	0.000000	0.000000	0.274414	0.274414
3.4842	0.000000	0.000000	0.275558	0.275558
3.4877	0.000000	0.000000	0.276912	0.276912
3.4912	0.000000	0.000000	0.278458	0.278458
3.4947	0.000000	0.000000	0.280177	0.280177
3.4982	0.000000	0.000000	0.282042	0.282042
3.5018	0.000000	0.000000	0.284028	0.284028
3.5053	0.000000	0.000000	0.286105	0.286105
3.5088	0.000000	0.000000	0.288240	0.288240
3.5123	0.000000	0.000000	0.290403	0.290403
3.5158	0.000000	0.000000	0.292562	0.292562
3.5193	0.000000	0.000000	0.294687	0.294687
3.5228	0.000000	0.000000	0.296747	0.296747
3.5263	0.000000	0.000000	0.298718	0.298718
3.5298	0.000000	0.000000	0.300574	0.300574
3.5333	0.000000	0.000000	0.302296	0.302296
3.5368	0.000000	0.000000	0.303869	0.303869
3.5403	0.000000	0.000000	0.305278	0.305278
3.5438	0.000000	0.000000	0.306518	0.306518
3.5473	0.000000	0.000000	0.307586	0.307586
3.5508	0.000000	0.000000	0.308481	0.308481
3.5543	0.000000	0.000000	0.309211	0.309211
3.5578	0.000000	0.000000	0.309785	0.309785
3.5613	0.000000	0.000000	0.310217	0.310217
3.5648	0.000000	0.000000	0.310522	0.310522
3.5683	0.000000	0.000000	0.310721	0.310721
3.5718	0.000000	0.000000	0.310835	0.310835
3.5753	0.000000	0.000000	0.310887	0.310887
3.5788	0.000000	0.000000	0.310901	0.310901
3.5823	0.000000	0.000000	0.310900	0.310900
3.5858	0.000000	0.000000	0.310910	0.310910
3.5893	0.000000	0.000000	0.310951	0.310951
3.5928	0.000000	0.000000	0.311046	0.311046
3.5963	0.000000	0.000000	0.311214	0.311214
3.5998	0.000000	0.000000	0.311471	0.311471
3.6033	0.000000	0.000000	0.311831	0.311831
3.6068	0.000000	0.000000	0.312306	0.312306
3.6103	0.000000	0.000000	0.312901	0.312901
3.6138	0.000000	0.000000	0.313623	0.313623
3.6173	0.000000	0.000000	0.314471	0.314471
3.6208	0.000000	0.000000	0.315444	0.315444
3.6243	0.000000	0.000000	0.316536	0.316536
3.6278	0.000000	0.000000	0.317739	0.317739
3.6313	0.000000	0.000000	0.319043	0.319043
3.6348	0.000000	0.000000	0.320435	0.320435
3.6383	0.000000	0.000000	0.321901	0.321901
3.6418	0.000000	0.000000	0.323425	0.323425
3.6453	0.000000	0.000000	0.324992	0.324992
3.6488	0.000000	0.000000	0.326585	0.326585
3.6523	0.000000	0.000000	0.328186	0.328186
3.6558	0.000000	0.000000	0.329781	0.329781
3.6593	0.000000	0.000000	0.331355	0.331355
3.6628	0.000000	0.000000	0.332894	0.332894
3.6663	0.000000	0.000000	0.334386	0.334386
3.6698	0.000000	0.000000	0.335822	0.335822
3.6733	0.000000	0.000000	0.337193	0.337193
3.6768	0.000000	0.000000	0.338495	0.338495
3.6803	0.000000	0.000000	0.339723	0.339723
3.6838	0.000000	0.000000	0.340877	0.340877
3.6873	0.000000	0.000000	0.341958	0.341958
3.6908	0.000000	0.000000	0.342970	0.342970
3.6943	0.000000	0.000000	0.343917	0.343917
3.6978	0.000000	0.000000	0.344806	0.344806
3.7014	0.000000	0.000000	0.345645	0.345645
3.7049	0.000000	0.000000	0.346443	0.346443
3.7084	0.000000	0.000000	0.347211	0.347211
3.7119	0.000000	0.000000	0.347958	0.347958
3.7154	0.000000	0.000000	0.348694	0.348694
3.7189	0.000000	0.000000	0.349430	0.349430
3.7224	0.000000	0.000000	0.350175	0.350175
3.7259	0.000000	0.000000	0.350938	0.350938
3.7294	0.000000	0.000000	0.351726	0.351726
3.7329	0.000000	0.000000	0.352546	0.352546
3.7364	0.000000	0.000000	0.353403	0.353403
3.7399	0.000000	0.000000	0.354302	0.354302
3.7434	0.000000	0.000000	0.355244	0.355244
3.7469	0.000000	0.000000	0.356231	0.356231
3.7504	0.000000	0.000000	0.357262	0.357262
3.7539	0.000000	0.000000	0.358336	0.358336
3.7574	0.000000	0.000000	0.359452	0.359452
3.7609	0.000000	0.000000	0.360604	0.360604
3.7644	0.000000	0.000000	0.361790	0.361790
3.7679	0.000000	0.000000	0.363005	0.363005
3.7714	0.000000	0.000000	0.364243	0.364243
3.7749	0.000000	0.000000	0.365500	0.365500
3.7784	0.000000	0.000000	0.366770	0.366770
3.7819	0.000000	0.000000	0.368048	0.368048
3.7854	0.000000	0.000000	0.369330	0.369330
3.7889	0.000000	0.000000	0.370611	0.370611
3.7924	0.000000	0.000000	0.371887	0.371887
3.7959	0.000000	0.000000	0.373156	0.373156
3.7994	0.000000	0.000000	0.374415	0.374415
3.8029	0.000000	0.000000	0.375662	0.375662
3.8064	0.000000	0.000000	0.376896	0.376896
3.8099	0.000000	0.000000	0.378117	0.378117
3.8134	0.000000	0.000000	0.379324	0.379324
3.8169	0.000000	0.000000	0.380520	0.380520
3.8204	0.000000	0.000000	0.381704	0.381704
3.8239	0.000000	0.000000	0.382878	0.382878
3.8274	0.000000	0.000000	0.384046	0.384046
3.8309	0.000000	0.000000	0.385208	0.385208
3.8344	0.000000	0.000000	0.386368	0.386368
3.8379	0.000000	0.000000	0.387527	0.387527
3.8414	0.000000	0.000000	0.388689	0.388689
3.8449	0.000000	0.000000	0.389855	0.389855
3.8484	0.000000	0.000000	0.391028	0.391028
3.8519	0.000000	0.000000	0.392210	0.392210
3.8554	0.000000	0.000000	0.393402	0.393402
3.8589	0.000000	0.000000	0.394606	0.394606
3.8624	0.000000	0.000000	0.395823	0.395823
3.8659	0.000000	0.000000	0.397055	0.397055
3.8694	0.000000	0.000000	0.398300	0.398300
3.8729	0.000000	0.000000	0.399560	0.399560
3.8764	0.000000	0.000000	0.400835	0.400835
3.8799	0.000000	0.000000	0.402124	0.402124
3.8834	0.000000	0.000000	0.403426	0.403426
3.8869	0.000000	0.000000	0.404741	0.404741
3.8904	0.000000	0.000000	0.406069	0.406069
3.8939	0.000000	0.000000	0.407407	0.407407
3.8974	0.000000	0.000000	0.408755	0.408755
3.9010	0.000000	0.000000	0.410111	0.410111
3.9045	0.000000	0.000000	0.411474	0.411474
3.9080	0.000000	0.000000	0.412842	0.412842
3.9115	0.000000	0.000000	0.414215	0.414215
3.9150	0.000000	0.000000	0.415590	0.415590
3.9185	0.000000	0.000000	0.416965	0.416965
3.9220	0.000000	0.000000	0.418340	0.418340
3.9255	0.000000	0.000000	0.419712	0.419712
3.9290	0.000000	0.000000	0.421079	0.421079
3.9325	0.000000	0.000000	0.422441	0.422441
3.9360	0.000000	0.000000	0.423796	0.423796
3.9395	0.000000	0.000000	0.425141	0.425141
3.9430	0.000000	0.000000	0.426478	0.426478
3.9465	0.000000	0.000000	0.427804	0.427804
3.9500	0.000000	0.000000	0.429119	0.429119
3.9535	0.000000	0.000000	0.430423	0.430423
3.9570	0.000000	0.000000	0.431716	0.431716
3.9605	0.000000	0.000000	0.433000	0.433000
3.9640	0.000000	0.000000	0.434275	0.434275
3.9675	0.000000	0.000000	0.435545	0.435545
3.9710	0.000000	0.000000	0.436811	0.436811
3.9745	0.000000	0.000000	0.438076	0.438076
3.9780	0.000000	0.000000	0.439345	0.439345
3.9815	0.000000	0.000000	0.440621	0.440621
3.9850	0.000000	0.000000	0.441908	0.441908
3.9885	0.000000	0.000000	0.443213	0.443213
3.9920	0.000000	0.000000	0.444539	0.444539
3.9955	0.000000	0.000000	0.445891	0.445891
3.9990	0.000000	0.000000	0.447274	0.447274
4.0025	0.000000	0.000000	0.448693	0.448693
4.0060	0.000000	0.000000	0.450150	0.450150
4.0095	0.000000	0.000000	0.451649	0.451649
4.0130	0.000000	0.000000	0.453192	0.453192
4.0165	0.000000	0.000000	0.454779	0.454779
4.0200	0.000000	0.000000	0.456411	0.456411
4.0235	0.000000	0.000000	0.458086	0.458086
4.0270	0.000000	0.000000	0.459802	0.459802
4.0305	0.000000	0.000000	0.461553	0.461553
4.0340	0.000000	0.000000	0.463336	0.463336
4.0375	0.000000	0.000000	0.465143	0.465143
4.0410	0.000000	0.000000	0.466966	0.466966
4.0445	0.000000	0.000000	0.468798	0.468798
4.0480	0.000000	0.000000	0.470630	0.470630
4.0515	0.000000	0.000000	0.472452	0.472452
4.0550	0.000000	0.000000	0.474254	0.474254
4.0585	0.000000	0.000000	0.476029	0.476029
4.0620	0.000000	0.000000	0.477767	0.477767
4.0655	0.000000	0.000000	0.479462	0.479462
4.0690	0.000000	0.000000	0.481106	0.481106
4.0725	0.000000	0.000000	0.482695	0.482695
4.0760	0.000000	0.000000	0.484227	0.484227
4.0795	0.000000	0.000000	0.485701	0.485701
4.0830	0.000000	0.000000	0.487117	0.487117
4.0865	0.000000	0.000000	0.488479	0.488479
4.0900	0.000000	0.000000	0.489793	0.489793
4.0935	0.000000	0.000000	0.491065	0.491065
4.0970	0.000000	0.000000	0.492307	0.492307
4.1006	0.000000	0.000000	0.493528	0.493528
4.1041	0.000000	0.000000	0.494742	0.494742
4.1076	0.000000	0.000000	0.495961	0.495961
4.1111	0.000000	0.000000	0.497200	0.497200
4.1146	0.000000	0.000000	0.498472	0.498472
4.1181	0.000000	0.000000	0.499793	0.499793
4.1216	0.000000	0.000000	0.501174	0.501174
4.1251	0.000000	0.000000	0.502627	0.502627
4.1286	0.000000	0.000000	0.504162	0.504162
4.1321	0.000000	0.000000	0.505788	0.505788
4.1356	0.000000	0.000000	0.507508	0.507508
4.1391	0.000000	0.000000	0.509326	0.509326
4.1426	0.000000	0.000000	0.511242	0.511242
4.1461	0.000000	0.000000	0.513252	0.513252
4.1496	0.000000	0.000000	0.515350	0.515350
4.1531	0.000000	0.000000	0.517528	0.517528
4.1566	0.000000	0.000000	0.519773	0.519773
4.1601	0.000000	0.000000	0.522072	0.522072
4.1636	0.000000	0.000000	0.524411	0.524411
4.1671	0.000000	0.000000	0.526772	0.526772
4.1706	0.000000	0.000000	0.529137	0.529137
4.1741	0.000000	0.000000	0.531489	0.531489
4.1776	0.000000	0.000000	0.533812	0.533812
4.1811	0.000000	0.000000	0.536088	0.536088
4.1846	0.000000	0.000000	0.538303	0.538303
4.1881	0.000000	0.000000	0.540444	0.540444
4.1916	0.000000	0.000000	0.542502	0.542502
4.1951	0.000000	0.000000	0.544468	0.544468
4.1986	0.000000	0.000000	0.546341	0.546341
4.2021	0.000000	0.000000	0.548117	0.548117
4.2056	0.000000	0.000000	0.549801	0.549801
4.2091	0.000000	0.000000	0.551399	0.551399
4.2126	0.000000	0.000000	0.552920	0.552920
4.2161	0.000000	0.000000	0.554376	0.554376
4.2196	0.000000	0.000000	0.555781	0.555781
4.2231	0.000000	0.000000	0.557153	0.557153
4.2266	0.000000	0.000000	0.558509	0.558509
4.2301	0.000000	0.000000	0.559869	0.559869
4.2336	0.000000	0.000000	0.561251	0.561251
4.2371	0.000000	0.000000	0.562674	0.562674
4.2406	0.000000	0.000000	0.564157	0.564157
4.2441	0.000000	0.000000	0.565716	0.565716
4.2476	0.000000	0.000000	0.567364	0.567364
4.2511	0.000000	0.000000	0.569113	0.569113
4.2546	0.000000	0.000000	0.570971	0.570971
4.2581	0.000000	0.000000	0.572945	0.572945
4.2616	0.000000	0.000000	0.575036	0.575036
4.2651	0.000000	0.000000	0.577242	0.577242
4.2686	0.000000	0.000000	0.579560	0.579560
4.2721	0.000000	0.000000	0.581980	0.581980
4.2756	0.000000	0.000000	0.584493	0.584493
4.2791	0.000000	0.000000	0.587085	0.587085
4.2826	0.000000	0.000000	0.589740	0.589740
4.2861	0.000000	0.000000	0.592442	0.592442
4.2896	0.000000	0.000000	0.595174	0.595174
4.2931	0.000000	0.000000	0.597916	0.597916
4.2966	0.000000	0.000000	0.600650	0.600650
4.3002	0.000000	0.000000	0.603361	0.603361
4.3037	0.000000	0.000000	0.606030	0.606030
4.3072	0.000000	0.000000	0.608644	0.608644
4.3107	0.000000	0.000000	0.611192	0.611192
4.3142	0.000000	0.000000	0.613663	0.613663
4.3177	0.000000	0.000000	0.616050	0.616050
4.3212	0.000000	0.000000	0.618351	0.618351
4.3247	0.000000	0.000000	0.620565	0.620565
4.3282	0.000000	0.000000	0.622693	0.622693
4.3317	0.000000	0.000000	0.624742	0.624742
4.3352	0.000000	0.000000	0.626720	0.626720
4.3387	0.000000	0.000000	0.628637	0.628637
4.3422	0.000000	0.000000	0.630505	0.630505
4.3457	0.000000	0.000000	0.632339	0.632339
4.3492	0.000000	0.000000	0.634155	0.634155
4.3527	0.000000	0.000000	0.635969	0.635969
4.3562	0.000000	0.000000	0.637796	0.637796
4.3597	0.000000	0.000000	0.639652	0.639652
4.3632	0.000000	0.000000	0.641553	0.641553
4.3667	0.000000	0.000000	0.643511	0.643511
4.3702	0.000000	0.000000	0.645538	0.645538
4.3737	0.000000	0.000000	0.647644	0.647644
4.3772	0.000000	0.000000	0.649834	0.649834
4.3807	0.000000	0.000000	0.652113	0.652113
4.3842	0.000000	0.000000	0.654480	0.654480
4.3877	0.000000	0.000000	0.656934	0.656934
4.3912	0.000000	0.000000	0.659469	0.659469
4.3947	0.000000	0.000000	0.662076	0.662076
4.3982	0.000000	0.000000	0.664742	0.664742
4.4017	0.000000	0.000000	0.667453	0.667453
4.4052	0.000000	0.000000	0.670193	0.670193
4.4087	0.000000	0.000000	0.672942	0.672942
4.4122	0.000000	0.000000	0.675679	0.675679
4.4157	0.000000	0.000000	0.678384	0.678384
4.4192	0.000000	0.000000	0.681034	0.681034
4.4227	0.000000	0.000000	0.683606	0.683606
4.4262	0.000000	0.000000	0.686080	0.686080
4.4297	0.000000	0.000000	0.688433	0.688433
4.4332	0.000000	0.000000	0.690647	0.690647
4.4367	0.000000	0.000000	0.692703	0.692703
4.4402	0.000000	0.000000	0.694587	0.694587
4.4437	0.000000	0.000000	0.696285	0.696285
4.4472	0.000000	0.000000	0.697787	0.697787
4.4507	0.000000	0.000000	0.699086	0.699086
4.4542	0.000000	0.000000	0.700176	0.700176
4.4577	0.000000	0.000000	0.701057	0.701057
4.4612	0.000000	0.000000	0.701728	0.701728
4.4647	0.000000	0.000000	0.702193	0.702193
4.4682	0.000000	0.000000	0.702458	0.702458
4.4717	0.000000	0.000000	0.702529	0.702529
4.4752	0.000000	0.000000	0.702417	0.702417
4.4787	0.000000	0.000000	0.702130	0.702130
4.4822	0.000000	0.000000	0.701680	0.701680
4.4857	0.000000	0.000000	0.701078	0.701078
4.4892	0.000000	0.000000	0.700334	0.700334
4.4927	0.000000	0.000000	0.699458	0.699458
4.4962	0.000000	0.000000	0.698460	0.698460
4.4997	0.000000	0.000000	0.697348	0.697348
4.5033	0.000000	0.000000	0.696128	0.696128
4.5068	0.000000	0.000000	0.694807	0.694807
4.5103	0.000000	0.000000	0.693388	0.693388
4.5138	0.000000	0.000000	0.691873	0.691873
4.5173	0.000000	0.000000	0.690262	0.690262
4.5208	0.000000	0.000000	0.688555	0.688555
4.5243	0.000000	0.000000	0.686749	0.686749
4.5278	0.000000	0.000000	0.684843	0.684843
4.5313	0.000000	0.000000	0.682831	0.682831
4.5348	0.000000	0.000000	0.680711	0.680711
4.5383	0.000000	0.000000	0.678477	0.678477
4.5418	0.000000	0.000000	0.676126	0.676126
4.5453	0.000000	0.000000	0.673654	0.673654
4.5488	0.000000	0.000000	0.671059	0.671059
4.5523	0.000000	0.000000	0.668339	0.668339
4.5558	0.000000	0.000000	0.665493	0.665493
4.5593	0.000000	0.000000	0.662521	0.662521
4.5628	0.000000	0.000000	0.659426	0.659426
4.5663	0.000000	0.000000	0.656209	0.656209
4.5698	0.000000	0.000000	0.652876	0.652876
4.5733	0.000000	0.000000	0.649430	0.649430
4.5768	0.000000	0.000000	0.645879	0.645879
4.5803	0.000000	0.000000	0.642227	0.642227
4.5838	0.000000	0.000000	0.638483	0.638483
4.5873	0.000000	0.000000	0.634653	0.634653
4.5908	0.000000	0.000000	0.630743	0.630743
4.5943	0.000000	0.000000	0.626759	0.626759
4.5978	0.000000	0.000000	0.622708	0.622708
4.6013	0.000000	0.000000	0.618593	0.618593
4.6048	0.000000	0.000000	0.614417	0.614417
4.6083	0.000000	0.000000	0.610182	0.610182
4.6118	0.000000	0.000000	0.605890	0.605890
4.6153	0.000000	0.000000	0.601537	0.601537
4.6188	0.000000	0.000000	0.597123	0.597123
4.6223	0.000000	0.000000	0.592643	0.592643
4.6258	0.000000	0.000000	0.588092	0.588092
4.6293	0.000000	0.000000	0.583463	0.583463
4.6328	0.000000	0.000000	0.578750	0.578750
4.6363	0.000000	0.000000	0.573945	0.573945
4.6398	0.000000	0.000000	0.569039	0.569039
4.6433	0.000000	0.000000	0.564024	0.564024
4.6468	0.000000	0.000000	0.558893	0.558893
4.6503	0.000000	0.000000	0.553638	0.553638
4.6538	0.000000	0.000000	0.548253	0.548253
4.6573	0.000000	0.000000	0.542731	0.542731
4.6608	0.000000	0.000000	0.537070	0.537070
4.6643	0.000000	0.000000	0.531267	0.531267
4.6678	0.000000	0.000000	0.525320	0.525320
4.6713	0.000000	0.000000	0.519232	0.519232
4.6748	0.000000	0.000000	0.513006	0.513006
4.6783	0.000000	0.000000	0.506645	0.506645
4.6818	0.000000	0.000000	0.500158	0.500158
4.6853	0.000000	0.000000	0.493554	0.493554
4.6888	0.000000	0.000000	0.486842	0.486842
4.6923	0.000000	0.000000	0.480036	0.480036
4.6958	0.000000	0.000000	0.473148	0.473148
4.6993	0.000000	0.000000	0.466195	0.466195
4.7029	0.000000	0.000000	0.459191	0.459191
4.7064	0.000000	0.000000	0.452153	0.452153
4.7099	0.000000	0.000000	0.445098	0.445098
4.7134	0.000000	0.000000	0.438044	0.438044
4.7169	0.000000	0.000000	0.431007	0.431007
4.7204	0.000000	0.000000	0.424004	0.424004
4.7239	0.000000	0.000000	0.417050	0.417050
4.7274	0.000000	0.000000	0.410162	0.410162
4.7309	0.000000	0.000000	0.403353	0.403353
4.7344	0.000000	0.000000	0.396635	0.396635
4.7379	0.000000	0.000000	0.390021	0.390021
4.7414	0.000000	0.000000	0.383519	0.383519
4.7449	0.000000	0.000000	0.377137	0.377137
4.7484	0.000000	0.000000	0.370882	0.370882
4.7519	0.000000	0.000000	0.364758	0.364758
4.7554	0.000000	0.000000	0.358768	0.358768
4.7589	0.000000	0.000000	0.352912	0.352912
4.7624	0.000000	0.000000	0.347189	0.347189
4.7659	0.000000	0.000000	0.341598	0.341598
4.7694	0.000000	0.000000	0.336135	0.336135
4.7729	0.000000	0.000000	0.330794	0.330794
4.7764	0.000000	0.000000	0.325569	0.325569
4.7799	0.000000	0.000000	0.320454	0.320454
4.7834	0.000000	0.000000	0.315440	0.315440
4.7869	0.000000	0.000000	0.310521	0.310521
4.7904	0.000000	0.000000	0.305688	0.305688
4.7939	0.000000	0.000000	0.300932	0.300932
4.7974	0.000000	0.000000	0.296246	0.296246
4.8009	0.000000	0.000000	0.291623	0.291623
4.8044	0.000000	0.000000	0.287056	0.287056
4.8079	0.000000	0.000000	0.282539	0.282539
4.8114	0.000000	0.000000	0.278067	0.278067
4.8149	0.000000	0.000000	0.273637	0.273637
4.8184	0.000000	0.000000	0.269246	0.269246
4.8219	0.000000	0.000000	0.264892	0.264892
4.8254	0.000000	0.000000	0.260575	0.260575
4.8289	0.000000	0.000000	0.256296	0.256296
4.8324	0.000000	0.000000	0.252057	0.252057
4.8359	0.000000	0.000000	0.247861	0.247861
4.8394	0.000000	0.000000	0.243712	0.243712
4.8429	0.000000	0.000000	0.239615	0.239615
4.8464	0.000000	0.000000	0.235574	0.235574
4.8499	0.000000	0.000000	0.231596	0.231596
4.8534	0.000000	0.000000	0.227688	0.227688
4.8569	0.000000	0.000000	0.223854	0.223854
4.8604	0.000000	0.000000	0.220101	0.220101
4.8639	0.000000	0.000000	0.216436	0.216436
4.8674	0.000000	0.000000	0.212864	0.212864
4.8709	0.000000	0.000000	0.209390	0.209390
4.8744	0.000000	0.000000	0.206018	0.206018
4.8779	0.000000	0.000000	0.202753	0.202753
4.8814	0.000000	0.000000	0.199598	0.199598
4.8849	0.000000	0.000000	0.196554	0.196554
4.8884	0.000000	0.000000	0.193623	0.193623
4.8919	0.000000	0.000000	0.190806	0.190806
4.8954	0.000000	0.000000	0.188103	0.188103
4.8989	0.000000	0.000000	0.185511	0.185511
4.9025	0.000000	0.000000	0.183030	0.183030
4.9060	0.000000	0.000000	0.180656	0.180656
4.9095	0.000000	0.000000	0.178387	0.178387
4.9130	0.000000	0.000000	0.176218	0.176218
4.9165	0.000000	0.000000	0.174145	0.174145
4.9200	0.000000	0.000000	0.172164	0.172164
4.9235	0.000000	0.000000	0.170269	0.170269
4.9270	0.000000	0.000000	0.168455	0.168455
4.9305	0.000000	0.000000	0.166718	0.166718
4.9340	0.000000	0.000000	0.165051	0.165051
4.9375	0.000000	0.000000	0.163450	0.163450
4.9410	0.000000	0.000000	0.161909	0.161909
4.9445	0.000000	0.000000	0.160423	0.160423
4.9480	0.000000	0.000000	0.158987	0.158987
4.9515	0.000000	0.000000	0.157598	0.157598
4.9550	0.000000	0.000000	0.156250	0.156250
4.9585	0.000000	0.000000	0.154939	0.154939
4.9620	0.000000	0.000000	0.153663	0.153663
4.9655	0.000000	0.000000	0.152416	0.152416
4.9690	0.000000	0.000000	0.151197	0.151197
4.9725	0.000000	0.000000	0.150003	0.150003
4.9760	0.000000	0.000000	0.148830	0.148830
4.9795	0.000000	0.000000	0.147676	0.147676
4.9830	0.000000	0.000000	0.146540	0.146540
4.9865	0.000000	0.000000	0.145420	0.145420
4.9900	0.000000	0.000000	0.144314	0.144314
4.9935	0.000000	0.000000	0.143221	0.143221
4.9970	0.000000	0.000000	0.142139	0.142139
5.0005	0.000000	0.000000	0.141068	0.141068
5.0040	0.000000	0.000000	0.140006	0.140006
5.0075	0.000000	0.000000	0.138954	0.138954
5.0110	0.000000	0.000000	0.137909	0.137909
5.0145	0.000000	0.000000	0.136872	0.136872
5.0180	0.000000	0.000000	0.135842	0.135842
5.0215	0.000000	0.000000	0.134819	0.134819
5.0250	0.000000	0.000000	0.133802	0.133802
5.0285	0.000000	0.000000	0.132791	0.132791
5.0320	0.000000	0.000000	0.131786	0.131786
5.0355	0.000000	0.000000	0.130787	0.130787
5.0390	0.000000	0.000000	0.129793	0.129793
5.0425	0.000000	0.000000	0.128804	0.128804
5.0460	0.000000	0.000000	0.127820	0.127820
5.0495	0.000000	0.000000	0.126840	0.126840
5.0530	0.000000	0.000000	0.125866	0.125866
5.0565	0.000000	0.000000	0.124896	0.124896
5.0600	0.000000	0.000000	0.123931	0.123931
5.0635	0.000000	0.000000	0.122970	0.122970
5.0670	0.000000	0.000000	0.122013	0.122013
5.0705	0.000000	0.000000	0.121060	0.121060
5.0740	0.000000	0.000000	0.120112	0.120112
5.0775	0.000000	0.000000	0.119168	0.119168
5.0810	0.000000	0.000000	0.118227	0.118227
5.0845	0.000000	0.000000	0.117291	0.117291
5.0880	0.000000	0.000000	0.116358	0.116358
5.0915	0.000000	0.000000	0.115429	0.115429
5.0950	0.000000	0.000000	0.114504	0.114504
5.0985	0.000000	0.000000	0.113582	0.113582
5.1021	0.000000	0.000000	0.112664	0.112664
5.1056	0.000000	0.000000	0.111750	0.111750
5.1091	0.000000	0.000000	0.110839	0.110839
5.1126	0.000000	0.000000	0.109931	0.109931
5.1161	0.000000	0.000000	0.109026	0.109026
5.1196	0.000000	0.000000	0.108125	0.108125
5.1231	0.000000	0.000000	0.107227	0.107227
5.1266	0.000000	0.000000	0.106332	0.106332
5.1301	0.000000	0.000000	0.105441	0.105441
5.1336	0.000000	0.000000	0.104552	0.104552
5.1371	0.000000	0.000000	0.103666	0.103666
5.1406	0.000000	0.000000	0.102784	0.102784
5.1441	0.000000	0.000000	0.101904	0.101904
5.1476	0.000000	0.000000	0.101027	0.101027
5.1511	0.000000	0.000000	0.100153	0.100153
5.1546	0.000000	0.000000	0.099281	0.099281
5.1581	0.000000	0.000000	0.098412	0.098412
5.1616	0.000000	0.000000	0.097546	0.097546
5.1651	0.000000	0.000000	0.096683	0.096683
5.1686	0.000000	0.000000	0.095822	0.095822
5.1721	0.000000	0.000000	0.094964	0.094964
5.1756	0.000000	0.000000	0.094108	0.094108
5.1791	0.000000	0.000000	0.093255	0.093255
5.1826	0.000000	0.000000	0.092404	0.092404
5.1861	0.000000	0.000000	0.091556	0.091556
5.1896	0.000000	0.000000	0.090710	0.090710
5.1931	0.000000	0.000000	0.089866	0.089866
5.1966	0.000000	0.000000	0.089025	0.089025
5.2001	0.000000	0.000000	0.088186	0.088186
5.2036	0.000000	0.000000	0.087349	0.087349
5.2071	0.000000	0.000000	0.086514	0.086514
5.2106	0.000000	0.000000	0.085681	0.085681
5.2141	0.000000	0.000000	0.084851	0.084851
5.2176	0.000000	0.000000	0.084023	0.084023
5.2211	0.000000	0.000000	0.083196	0.083196
5.2246	0.000000	0.000000	0.082372	0.082372
5.2281	0.000000	0.000000	0.081550	0.081550
5.2316	0.000000	0.000000	0.080730	0.080730
5.2351	0.000000	0.000000	0.079912	0.079912
5.2386	0.000000	0.000000	0.079095	0.079095
5.2421	0.000000	0.000000	0.078281	0.078281
5.2456	0.000000	0.000000	0.077468	0.077468
5.2491	0.000000	0.000000	0.076658	0.076658
5.2526	0.000000	0.000000	0.075849	0.075849
5.2561	0.000000	0.000000	0.075042	0.075042
5.2596	0.000000	0.000000	0.074237	0.074237
5.2631	0.000000	0.000000	0.073434	0.073434
5.2666	0.000000	0.000000	0.072632	0.072632
5.2701	0.000000	0.000000	0.071832	0.071832
5.2736	0.000000	0.000000	0.071034	0.071034
5.2771	0.000000	0.000000	0.070238	0.070238
5.2806	0.000000	0.000000	0.069443	0.069443
5.2841	0.000000	0.000000	0.068650	0.068650
5.2876	0.000000	0.000000	0.067859	0.067859
5.2911	0.000000	0.000000	0.067069	0.067069
5.2946	0.000000	0.000000	0.066281	0.066281
5.2981	0.000000	0.000000	0.065494	0.065494
5.3017	0.000000	0.000000	0.064710	0.064710
5.3052	0.000000	0.000000	0.063926	0.063926
5.3087	0.000000	0.000000	0.063145	0.063145
5.3122	0.000000	0.000000	0.062365	0.062365
5.3157	0.000000	0.000000	0.061586	0.061586
5.3192	0.000000	0.000000	0.060809	0.060809
5.3227	0.000000	0.000000	0.060034	0.060034
5.3262	0.000000	0.000000	0.059260	0.059260
5.3297	0.000000	0.000000	0.058488	0.058488
5.3332	0.000000	0.000000	0.057718	0.057718
5.3367	0.000000	0.000000	0.056948	0.056948
5.3402	0.000000	0.000000	0.056181	0.056181
5.3437	0.000000	0.000000	0.055415	0.055415
5.3472	0.000000	0.000000	0.054650	0.054650
5.3507	0.000000	0.000000	0.053888	0.053888
5.3542	0.000000	0.000000	0.053126	0.053126
5.3577	0.000000	0.000000	0.052367	0.052367
5.3612	0.000000	0.000000	0.051608	0.051608
5.3647	0.000000	0.000000	0.050852	0.050852
5.3682	0.000000	0.000000	0.050097	0.050097
5.3717	0.000000	0.000000	0.049343	0.049343
5.3752	0.000000	0.000000	0.048591	0.048591
5.3787	0.000000	0.000000	0.047841	0.047841
5.3822	0.000000	0.000000	0.047093	0.047093
5.3857	0.000000	0.000000	0.046346	0.046346
5.3892	0.000000	0.000000	0.045600	0.045600
5.3927	0.000000	0.000000	0.044857	0.044857
5.3962	0.000000	0.000000	0.044115	0.044115
5.3997	0.000000	0.000000	0.043375	0.043375
5.4032	0.000000	0.000000	0.042637	0.042637
5.4067	0.000000	0.000000	0.041900	0.041900
5.4102	0.000000	0.000000	0.041165	0.041165
5.4137	0.000000	0.000000	0.040433	0.040433
5.4172	0.000000	0.000000	0.039702	0.039702
5.4207	0.000000	0.000000	0.038973	0.038973
5.4242	0.000000	0.000000	0.038245	0.038245
5.4277	0.000000	0.000000	0.037520	0.037520
5.4312	0.000000	0.000000	0.036797	0.036797
5.4347	0.000000	0.000000	0.036077	0.036077
5.4382	0.000000	0.000000	0.035358	0.035358
5.4417	0.000000	0.000000	0.034642	0.034642
5.4452	0.000000	0.000000	0.033927	0.033927
5.4487	0.000000	0.000000	0.033216	0.033216
5.4522	0.000000	0.000000	0.032506	0.032506
5.4557	0.000000	0.000000	0.031799	0.031799
5.4592	0.000000	0.000000	0.031095	0.031095
5.4627	0.000000	0.000000	0.030394	0.030394
5.4662	0.000000	0.000000	0.029695	0.029695
5.4697	0.000000	0.000000	0.028999	0.028999
5.4732	0.000000	0.000000	0.028306	0.028306
5.4767	0.000000	0.000000	0.027616	0.027616
5.4802	0.000000	0.000000	0.026929	0.026929
5.4837	0.000000	0.000000	0.026246	0.026246
5.4872	0.000000	0.000000	0.025566	0.025566
5.4907	0.000000	0.000000	0.024889	0.024889
5.4942	0.000000	0.000000	0.024217	0.024217
5.4977	0.000000	0.000000	0.023548	0.023548
5.5013	0.000000	0.000000	0.022883	0.022883
5.5048	0.000000	0.000000	0.022223	0.022223
5.5083	0.000000	0.000000	0.021567	0.021567
5.5118	0.000000	0.000000	0.020915	0.020915
5.5153	0.000000	0.000000	0.020269	0.020269
5.5188	0.000000	0.000000	0.019627	0.019627
5.5223	0.000000	0.000000	0.018991	0.018991
5.5258	0.000000	0.000000	0.018360	0.018360
5.5293	0.000000	0.000000	0.017736	0.017736
5.5328	0.000000	0.000000	0.017117	0.017117
5.5363	0.000000	0.000000	0.016504	0.016504
5.5398	0.000000	0.000000	0.015899	0.015899
5.5433	0.000000	0.000000	0.015300	0.015300
5.5468	0.000000	0.000000	0.014709	0.014709
5.5503	0.000000	0.000000	0.014125	0.014125
5.5538	0.000000	0.000000	0.013549	0.013549
5.5573	0.000000	0.000000	0.012982	0.012982
5.5608	0.000000	0.000000	0.012424	0.012424
5.5643	0.000000	0.000000	0.011874	0.011874
5.5678	0.000000	0.000000	0.011335	0.011335
5.5713	0.000000	0.000000	0.010805	0.010805
5.5748	0.000000	0.000000	0.010286	0.010286
5.5783	0.000000	0.000000	0.009777	0.009777
5.5818	0.000000	0.000000	0.009280	0.009280
5.5853	0.000000	0.000000	0.008795	0.008795
5.5888	0.000000	0.000000	0.008321	0.008321
5.5923	0.000000	0.000000	0.007860	0.007860
5.5958	0.000000	0.000000	0.007412	0.007412
5.5993	0.000000	0.000000	0.006977	0.006977
5.6028	0.000000	0.000000	0.006555	0.006555
5.6063	0.000000	0.000000	0.006148	0.006148
5.6098	0.000000	0.000000	0.005754	0.005754
5.6133	0.000000	0.000000	0.005375	0.005375
5.6168	0.000000	0.000000	0.005011	0.005011
5.6203	0.000000	0.000000	0.004661	0.004661
5.6238	0.000000	0.000000	0.004326	0.004326
5.6273	0.000000	0.000000	0.004007	0.004007
5.6308	0.000000	0.000000	0.003702	0.003702
5.6343	0.000000	0.000000	0.003412	0.003412
5.6378	0.000000	0.000000	0.003138	0.003138
5.6413	0.000000	0.000000	0.002878	0.002878
5.6448	0.000000	0.000000	0.002633	0.002633
5.6483	0.000000	0.000000	0.002403	0.002403
5.6518	0.000000	0.000000	0.002187	0.002187
5.6553	0.000000	0.000000	0.001985	0.001985
5.6588	0.000000	0.000000	0.001797	0.001797
5.6623	0.000000	0.000000	0.001622	0.001622
5.6658	0.000000	0.000000	0.001460	0.001460
5.6693	0.000000	0.000000	0.001310	0.001310
5.6728	0.000000	0.000000	0.001172	0.001172
5.6763	0.000000	0.000000	0.001045	0.001045
5.6798	0.000000	0.000000	0.000929	0.000929
5.6833	0.000000	0.000000	0.000824	0.000824
5.6868	0.000000	0.000000	0.000728	0.000728
5.6903	0.000000	0.000000	0.000641	0.000641
5.6938	0.000000	0.000000	0.000562	0.000562
5.6973	0.000000	0.000000	0.000492	0.000492
5.7009	0.000000	0.000000	0.000429	0.000429
5.7044	0.000000	0.000000	0.000373	0.000373
5.7079	0.000000	0.000000	0.000323	0.000323
5.7114	0.000000	0.000000	0.000278	0.000278
5.7149	0.000000	0.000000	0.000239	0.000239
5.7184	0.000000	0.000000	0.000205	0.000205
5.7219	0.000000	0.000000	0.000175	0.000175
5.7254	0.000000	0.000000	0.000149	0.000149
5.7289	0.000000	0.000000	0.000126	0.000126
5.7324	0.000000	0.000000	0.000106	0.000106
5.7359	0.000000	0.000000	0.000089	0.000089
5.7394	0.000000	0.000000	0.000075	0.000075
5.7429	0.000000	0.000000	0.000062	0.000062
5.7464	0.000000	0.000000	0.000052	0.000052
5.7499	0.000000	0.000000	0.000043	0.000043
5.7534	0.000000	0.000000	0.000035	0.000035
5.7569	0.000000	0.000000	0.000029	0.000029
5.7604	0.000000	0.000000	0.000024	0.000024
5.7639	0.000000	0.000000	0.000019	0.000019
5.7674	0.000000	0.000000	0.000016	0.000016
5.7709	0.000000	0.000000	0.000013	0.000013
5.7744	0.000000	0.000000	0.000010	0.000010
5.7779	0.000000	0.000000	0.000008	0.000008
5.7814	0.000000	0.000000	0.000007	0.000007
5.7849	0.000000	0.000000	0.000005	0.000005
5.7884	0.000000	0.000000	0.000004	0.000004
5.7919	0.000000	0.000000	0.000003	0.000003
5.7954	0.000000	0.000000	0.000003	0.000003
5.7989	0.000000	0.000000	0.000002	0.000002
5.8024	0.000000	0.000000	0.000002	0.000002
5.8059	0.000000	0.000000	0.000001	0.000001
5.8094	0.000000	0.000000	0.000001	0.000001
5.8129	0.000000	0.000000	0.000001	0.000001
5.8164	0.000000	0.000000	0.000001	0.000001
5.8199	0.000000	0.000000	0.000000	0.000000
5.8234	0.000000	0.000000	0.000000	0.000000
5.8269	0.000000	0.000000	0.000000	0.000000
5.8304	0.000000	0.000000	0.000000	0.000000
5.8339	0.000000	0.000000	0.000000	0.000000
5.8374	0.000000	0.000000	0.000000	0.000000
5.8409	0.000000	0.000000	0.000000	0.000000
5.8444	0.000000	0.000000	0.000000	0.000000
5.8479	0.000000	0.000000	0.000000	0.000000
5.8514	0.000000	0.000000	0.000000	0.000000
5.8549	0.000000	0.000000	0.000000	0.000000
5.8584	0.000000	0.000000	0.000000	0.000000
5.8619	0.000000	0.000000	0.000000	0.000000
5.8654	0.000000	0.000000	0.000000	0.000000
5.8689	0.000000	0.000000	0.000000	0.000000
5.8724	0.000000	0.000000	0.000000	0.000000
5.8759	0.000000	0.000000	0.000000	0.000000
5.8794	0.000000	0.000000	0.000000	0.000000
5.8829	0.000000	0.000000	0.000000	0.000000
5.8864	0.000000	0.000000	0.000000	0.000000
5.8899	0.000000	0.000000	0.000000	0.000000
5.8934	0.000000	0.000000	0.000000	0.000000
5.8969	0.000000	0.000000	0.000000	0.000000
5.9005	0.000000	0.000000	0.000000	0.000000
5.9040	0.000000	0.000000	0.000000	0.000000
5.9075	0.000000	0.000000	0.000000	0.000000
5.9110	0.000000	0.000000	0.000000	0.000000
5.9145	0.000000	0.000000	0.000000	0.000000
5.9180	0.000000	0.000000	0.000000	0.000000
5.9215	0.000000	0.000000	0.000000	0.000000
5.9250	0.000000	0.000000	0.000000	0.000000
5.9285	0.000000	0.000000	0.000000	0.000000
5.9320	0.000000	0.000000	0.000000	0.000000
5.9355	0.000000	0.000000	0.000000	0.000000
5.9390	0.000000	0.000000	0.000000	0.000000
5.9425	0.000000	0.000000	0.000000	0.000000
5.9460	0.000000	0.000000	0.000000	0.000000
5.9495	0.000000	0.000000	0.000000	0.000000
5.9530	0.000000	0.000000	0.000000	0.000000
5.9565	0.000000	0.000000	0.000000	0.000000
5.9600	0.000000	0.000000	0.000000	0.000000
5.9635	0.000000	0.000000	0.000000	0.000000
5.9670	0.000000	0.000000	0.000000	0.000000
5.9705	0.000000	0.000000	0.000000	0.000000
5.9740	0.000000	0.000000	0.000000	0.000000
5.9775	0.000000	0.000000	0.000000	0.000000
5.9810	0.000000	0.000000	0.000000	0.000000
5.9845	0.000000	0.000000	0.000000	0.000000
5.9880	0.000000	0.000000	0.000000	0.000000
5.9915	0.000000	0.000000	0.000000	0.000000
5.9950	0.000000	0.000000	0.000000	0.000000
5.9985	0.000000	0.000000	0.000000	0.000000
6.0020	0.000000	0.000000	0.000000	0.000000
6.0055	0.000000	0.000000	0.000000	0.000000
6.0090	0.000000	0.000000	0.000000	0.000000
6.0125	0.000000	0.000000	0.000000	0.000000
6.0160	0.000000	0.000000	0.000000	0.000000
6.0195	0.000000	0.000000	0.000000	0.000000
6.0230	0.000000	0.000000	0.000000	0.000000
6.0265	0.000000	0.000000	0.000000	0.000000
6.0300	0.000000	0.000000	0.000000	0.000000
6.0335	0.000000	0.000000	0.000000	0.000000
6.0370	0.000000	0.000000	0.000000	0.000000
6.0405	0.000000	0.000000	0.000000	0.000000
6.0440	0.000000	0.000000	0.000000	0.000000
6.0475	0.000000	0.000000	0.000000	0.000000
6.0510	0.000000	0.000000	0.000000	0.000000
6.0545	0.000000	0.000000	0.000000	0.000000
6.0580	0.000000	0.000000	0.000000	0.000000
6.0615	0.000000	0.000000	0.000000	0.000000
6.0650	0.000000	0.000000	0.000000	0.000000
6.0685	0.000000	0.000000	0.000000	0.000000
6.0720	0.000000	0.000000	0.000000	0.000000
6.0755	0.000000	0.000000	0.000000	0.000000
6.0790	0.000000	0.000000	0.000000	0.000000
6.0825	0.000000	0.000000	0.000000	0.000000
6.0860	0.000000	0.000000	0.000000	0.000000
6.0895	0.000000	0.000000	0.000000	0.000000
6.0930	0.000000	0.000000	0.000000	0.000000
6.0965	0.000000	0.000000	0.000000	0.000000
6.1001	0.000000	0.000000	0.000000	0.000000
6.1036	0.000000	0.000000	0.000000	0.000000
6.1071	0.000000	0.000000	0.000000	0.000000
6.1106	0.000000	0.000000	0.000000	0.000000
6.1141	0.000000	0.000000	0.000000	0.000000
6.1176	0.000000	0.000000	0.000000	0.000000
6.1211	0.000000	0.000000	0.000000	0.000000
6.1246	0.000000	0.000000	0.000000	0.000000
6.1281	0.000000	0.000000	0.000000	0.000000
6.1316	0.000000	0.000000	0.000000	0.000000
6.1351	0.000000	0.000000	0.000000	0.000000
6.1386	0.000000	0.000000	0.000000	0.000000
6.1421	0.000000	0.000000	0.000000	0.000000
6.1456	0.000000	0.000000	0.000000	0.000000
6.1491	0.000000	0.000000	0.000000	0.000000
6.1526	0.000000	0.000000	0.000000	0.000000
6.1561	0.000000	0.000000	0.000000	0.000000
6.1596	0.000000	0.000000	0.000000	0.000000
6.1631	0.000000	0.000000	0.000000	0.000000
6.1666	0.000000	0.000000	0.000000	0.000000
6.1701	0.000000	0.000000	0.000000	0.000000
6.1736	0.000000	0.000000	0.000000	0.000000
6.1771	0.000000	0.000000	0.000000	0.000000
6.1806	0.000000	0.000000	0.000000	0.000000
6.1841	0.000000	0.000000	0.000000	0.000000
6.1876	0.000000	0.000000	0.000000	0.000000
6.1911	0.000000	0.000000	0.000000	0.000000
6.1946	0.000000	0.000000	0.000000	0.000000
6.1981	0.000000	0.000000	0.000000	0.000000
6.2016	0.000000	0.000000	0.000000	0.000000
6.2051	0.000000	0.000000	0.000000	0.000000
6.2086	0.000000	0.000000	0.000000	0.000000
6.2121	0.000000	0.000000	0.000000	0.000000
6.2156	0.000000	0.000000	0.000000	0.000000
6.2191	0.000000	0.000000	0.000000	0.000000
6.2226	0.000000	0.000000	0.000000	0.000000
6.2261	0.000000	0.000000	0.000000	0.000000
6.2296	0.000000	0.000000	0.000000	0.000000
6.2331	0.000000	0.000000	0.000000	0.000000
6.2366	0.000000	0.000000	0.000000	0.000000
6.2401	0.000000	0.000000	0.000000	0.000000
6.2436	0.000000	0.000000	0.000000	0.000000
6.2471	0.000000	0.000000	0.000000	0.000000
6.2506	0.000000	0.000000	0.000000	0.000000
6.2541	0.000000	0.000000	0.000000	0.000000
6.2576	0.000000	0.000000	0.000000	0.000000
6.2611	0.000000	0.000000	0.000000	0.000000
6.2646	0.000000	0.000000	0.000000	0.000000
6.2681	0.000000	0.000000	0.000000	0.000000
6.2716	0.000000	0.000000	0.000000	0.000000
6.2751	0.000000	0.000000	0.000000	0.000000
6.2786	0.000000	0.000000	0.000000	0.000000
6.2821	0.000000	0.000000	0.000000	0.000000
6.2856	0.000000	0.000000	0.000000	0.000000
6.2891	0.000000	0.000000	0.000000	0.000000
6.2926	0.000000	0.000000	0.000000	0.000000
6.2961	0.000000	0.000000	0.000000	0.000000
6.2996	0.000000	0.000000	0.000000	0.000000
6.3032	0.000000	0.000000	0.000000	0.000000
6.3067	0.000000	0.000000	0.000000	0.000000
6.3102	0.000000	0.000000	0.000000	0.000000
6.3137	0.000000	0.000000	0.000000	0.000000
6.3172	0.000000	0.000000	0.000000	0.000000
6.3207	0.000000	0.000000	0.000000	0.000000
6.3242	0.000000	0.000000	0.000000	0.000000
6.3277	0.000000	0.000000	0.000000	0.000000
6.3312	0.000000	0.000000	0.000000	0.000000
6.3347	0.000000	0.000000	0.000000	0.000000
6.3382	0.000000	0.000000	0.000000	0.000000
6.3417	0.000000	0.000000	0.000000	0.000000
6.3452	0.000000	0.000000	0.000000	0.000000
6.3487	0.000000	0.000000	0.000000	0.000000
6.3522	0.000000	0.000000	0.000000	0.000000
6.3557	0.000000	0.000000	0.000000	0.000000
6.3592	0.000000	0.000000	0.000000	0.000000
6.3627	0.000000	0.000000	0.000000	0.000000
6.3662	0.000000	0.000000	0.000000	0.000000
6.3697	0.000000	0.000000	0.000000	0.000000
6.3732	0.000000	0.000000	0.000000	0.000000
6.3767	0.000000	0.000000	0.000000	0.000000
6.3802	0.000000	0.000000	0.000000	0.000000
6.3837	0.000000	0.000000	0.000000	0.000000
6.3872	0.000000	0.000000	0.000000	0.000000
6.3907	0.000000	0.000000	0.000000	0.000000
6.3942	0.000000	0.000000	0.000000	0.000000
6.3977	0.000000	0.000000	0.000000	0.000000
6.4012	0.000000	0.000000	0.000000	0.000000
6.4047	0.000000	0.000000	0.000000	0.000000
6.4082	0.000000	0.000000	0.000000	0.000000
6.4117	0.000000	0.000000	0.000000	0.000000
6.4152	0.000000	0.000000	0.000000	0.000000
6.4187	0.000000	0.000000	0.000000	0.000000
6.4222	0.000000	0.000000	0.000000	0.000000
6.4257	0.000000	0.000000	0.000000	0.000000
6.4292	0.000000	0.000000	0.000000	0.000000
6.4327	0.000000	0.000000	0.000000	0.000000
6.4362	0.000000	0.000000	0.000000	0.000000
6.4397	0.000000	0.000000	0.000000	0.000000
6.4432	0.000000	0.000000	0.000000	0.000000
6.4467	0.000000	0.000000	0.000000	0.000000
6.4502	0.000000	0.000000	0.000000	0.000000
6.4537	0.000000	0.000000	0.000000	0.000000
6.4572	0.000000	0.000000	0.000000	0.000000
6.4607	0.000000	0.000000	0.000000	0.000000
6.4642	0.000000	0.000000	0.000000	0.000000
6.4677	0.000000	0.000000	0.000000	0.000000
6.4712	0.000000	0.000000	0.000000	0.000000
6.4747	0.000000	0.000000	0.000000	0.000000
6.4782	0.000000	0.000000	0.000000	0.000000
6.4817	0.000000	0.000000	0.000000	0.000000
6.4852	0.000000	0.000000	0.000000	0.000000
6.4887	0.000000	0.000000	0.000000	0.000000
6.4922	0.000000	0.000000	0.000000	0.000000
6.4957	0.000000	0.000000	0.000000	0.000000
6.4992	0.000000	0.000000	0.000000	0.000000
6.5028	0.000000	0.000000	0.000000	0.000000
6.5063	0.000000	0.000000	0.000000	0.000000
6.5098	0.000000	0.000000	0.000000	0.000000
6.5133	0.000000	0.000000	0.000000	0.000000
6.5168	0.000000	0.000000	0.000000	0.000000
6.5203	0.000000	0.000000	0.000000	0.000000
6.5238	0.000000	0.000000	0.000000	0.000000
6.5273	0.000000	0.000000	0.000000	0.000000
6.5308	0.000000	0.000000	0.000000	0.000000
6.5343	0.000000	0.000000	0.000000	0.000000
6.5378	0.000000	0.000000	0.000000	0.000000
6.5413	0.000000	0.000000	0.000000	0.000000
6.5448	0.000000	0.000000	0.000000	0.000000
6.5483	0.000000	0.000000	0.000000	0.000000
6.5518	0.000000	0.000000	0.000000	0.000000
6.5553	0.000000	0.000000	0.000000	0.000000
6.5588	0.000000	0.000000	0.000000	0.000000
6.5623	0.000000	0.000000	0.000000	0.000000
6.5658	0.000000	0.000000	0.000000	0.000000
6.5693	0.000000	0.000000	0.000000	0.000000
6.5728	0.000000	0.000000	0.000000	0.000000
6.5763	0.000000	0.000000	0.000000	0.000000
6.5798	0.000000	0.000000	0.000000	0.000000
6.5833	0.000000	0.000000	0.000000	0.000000
6.5868	0.000000	0.000000	0.000000	0.000000
6.5903	0.000000	0.000000	0.000000	0.000000
6.5938	0.000000	0.000000	0.000000	0.000000
6.5973	0.000000	0.000000	0.000000	0.000000
6.6008	0.000000	0.000000	0.000000	0.000000
6.6043	0.000000	0.000000	0.000000	0.000000
6.6078	0.000000	0.000000	0.000000	0.000000
6.6113	0.000000	0.000000	0.000000	0.000000
6.6148	0.000000	0.000000	0.000000	0.000000
6.6183	0.000000	0.000000	0.000000	0.000000
6.6218	0.000000	0.000000	0.000000	0.000000
6.6253	0.000000	0.000000	0.000000	0.000000
6.6288	0.000000	0.000000	0.000000	0.000000
6.6323	0.000000	0.000000	0.000000	0.000000
6.6358	0.000000	0.000000	0.000000	0.000000
6.6393	0.000000	0.000000	0.000000	0.000000
6.6428	0.000000	0.000000	0.000000	0.000000
6.6463	0.000000	0.000000	0.000000	0.000000
6.6498	0.000000	0.000000	0.000000	0.000000
6.6533	0.000000	0.000000	0.000000	0.000000
6.6568	0.000000	0.000000	0.000000	0.000000
6.6603	0.000000	0.000000	0.000000	0.000000
6.6638	0.000000	0.000000	0.000000	0.000000
6.6673	0.000000	0.000000	0.000000	0.000000
6.6708	0.000000	0.000000	0.000000	0.000000
6.6743	0.000000	0.000000	0.000000	0.000000
6.6778	0.000000	0.000000	0.000000	0.000000
6.6813	0.000000	0.000000	0.000000	0.000000
6.6848	0.000000	0.000000	0.000000	0.000000
6.6883	0.000000	0.000000	0.000000	0.000000
6.6918	0.000000	0.000000	0.000000	0.000000
6.6953	0.000000	0.000000	0.000000	0.000000
6.6988	0.000000	0.000000	0.000000	0.000000
6.7024	0.000000	0.000000	0.000000	0.000000
6.7059	0.000000	0.000000	0.000000	0.000000
6.7094	0.000000	0.000000	0.000000	0.000000
6.7129	0.000000	0.000000	0.000000	0.000000
6.7164	0.000000	0.000000	0.000000	0.000000
6.7199	0.000000	0.000000	0.000000	0.000000
6.7234	0.000000	0.000000	0.000000	0.000000
6.7269	0.000000	0.000000	0.000000	0.000000
6.7304	0.000000	0.000000	0.000000	0.000000
6.7339	0.000000	0.000000	0.000000	0.000000
6.7374	0.000000	0.000000	0.000000	0.000000
6.7409	0.000000	0.000000	0.000000	0.000000
6.7444	0.000000	0.000000	0.000000	0.000000
6.7479	0.000000	0.000000	0.000000	0.000000
6.7514	0.000000	0.000000	0.000000	0.000000
6.7549	0.000000	0.000000	0.000000	0.000000
6.7584	0.000000	0.000000	0.000000	0.000000
6.7619	0.000000	0.000000	0.000000	0.000000
6.7654	0.000000	0.000000	0.000000	0.000000
6.7689	0.000000	0.000000	0.000000	0.000000
6.7724	0.000000	0.000000	0.000000	0.000000
6.7759	0.000000	0.000000	0.000000	0.000000
6.7794	0.000000	0.000000	0.000000	0.000000
6.7829	0.000000	0.000000	0.000000	0.000000
6.7864	0.000000	0.000000	0.000000	0.000000
6.7899	0.000000	0.000000	0.000000	0.000000
6.7934	0.000000	0.000000	0.000000	0.000000
6.7969	0.000000	0.000000	0.000000	0.000000
6.8004	0.000000	0.000000	0.000000	0.000000
6.8039	0.000000	0.000000	0.000000	0.000000
6.8074	0.000000	0.000000	0.000000	0.000000
6.8109	0.000000	0.000000	0.000000	0.000000
6.8144	0.000000	0.000000	0.000000	0.000000
6.8179	0.000000	0.000000	0.000000	0.000000
6.8214	0.000000	0.000000	0.000000	0.000000
6.8249	0.000000	0.000000	0.000000	0.000000
6.8284	0.000000	0.000000	0.000000	0.000000
6.8319	0.000000	0.000000	0.000000	0.000000
6.8354	0.000000	0.000000	0.000000	0.000000
6.8389	0.000000	0.000000	0.000000	0.000000
6.8424	0.000000	0.000000	0.000000	0.000000
6.8459	0.000000	0.000000	0.000000	0.000000
6.8494	0.000000	0.000000	0.000000	0.000000
6.8529	0.000000	0.000000	0.000000	0.000000
6.8564	0.000000	0.000000	0.000000	0.000000
6.8599	0.000000	0.000000	0.000000	0.000000
6.8634	0.000000	0.000000	0.000000	0.000000
6.8669	0.000000	0.000000	0.000000	0.000000
6.8704	0.000000	0.000000	0.000000	0.000000
6.8739	0.000000	0.000000	0.000000	0.000000
6.8774	0.000000	0.000000	0.000000	0.000000
6.8809	0.000000	0.000000	0.000000	0.000000
6.8844	0.000000	0.000000	0.000000	0.000000
6.8879	0.000000	0.000000	0.000000	0.000000
6.8914	0.000000	0.000000	0.000000	0.000000
6.8949	0.000000	0.000000	0.000000	0.000000
6.8984	0.000000	0.000000	0.000000	0.000000
6.9020	0.000000	0.000000	0.000000	0.000000
6.9055	0.000000	0.000000	0.000000	0.000000
6.9090	0.000000	0.000000	0.000000	0.000000
6.9125	0.000000	0.000000	0.000000	0.000000
6.9160	0.000000	0.000000	0.000000	0.000000
6.9195	0.000000	0.000000	0.000000	0.000000
6.9230	0.000000	0.000000	0.000000	0.000000
6.9265	0.000000	0.000000	0.000000	0.000000
6.9300	0.000000	0.000000	0.000000	0.000000
6.9335	0.000000	0.000000	0.000000	0.000000
6.9370	0.000000	0.000000	0.000000	0.000000
6.9405	0.000000	0.000000	0.000000	0.000000
6.9440	0.000000	0.000000	0.000000	0.000000
6.9475	0.000000	0.000000	0.000000	0.000000
6.9510	0.000000	0.000000	0.000000	0.000000
6.9545	0.000000	0.000000	0.000000	0.000000
6.9580	0.000000	0.000000	0.000000	0.000000
6.9615	0.000000	0.000000	0.000000	0.000000
6.9650	0.000000	0.000000	0.000000	0.000000
6.9685	0.000000	0.000000	0.000000	0.000000
6.9720	0.000000	0.000000	0.000000	0.000000
6.9755	0.000000	0.000000	0.000000	0.000000
6.9790	0.000000	0.000000	0.000000	0.000000
6.9825	0.000000	0.000000	0.000000	0.000000
6.9860	0.000000	0.000000	0.000000	0.000000
6.9895	0.000000	0.000000	0.000000	0.000000
6.9930	0.000000	0.000000	0.000000	0.000000
6.9965	0.000000	0.000000	0.000000	0.000000
7.0000	0.000000	0.000000	0.000000	0.000000
