0.000000	0.00037405
0.003752	0.00044792
0.007504	0.00053364
0.011256	0.00063256
0.015008	0.00074605
0.018759	0.00087553
0.022511	0.00102242
0.026263	0.00118814
0.030015	0.00137407
0.033767	0.00158154
0.037519	0.00181178
0.041271	0.00206591
0.045023	0.00234493
0.048774	0.00264965
0.052526	0.00298071
0.056278	0.00333854
0.060030	0.00372332
0.063782	0.00413501
0.067534	0.00457329
0.071286	0.00503758
0.075038	0.00552704
0.078789	0.00604053
0.082541	0.00657663
0.086293	0.00713366
0.090045	0.00770965
0.093797	0.00830237
0.097549	0.00890933
0.101301	0.00952778
0.105053	0.01015470
0.108804	0.01078688
0.112556	0.01142083
0.116308	0.01205288
0.120060	0.01267914
0.123812	0.01329554
0.127564	0.01389786
0.131316	0.01448174
0.135068	0.01504272
0.138819	0.01557631
0.142571	0.01607800
0.146323	0.01654337
0.150075	0.01696811
0.153827	0.01734813
0.157579	0.01767963
0.161331	0.01795921
0.165083	0.01818394
0.168834	0.01835146
0.172586	0.01846006
0.176338	0.01850881
0.180090	0.01849756
0.183842	0.01842710
0.187594	0.01829911
0.191346	0.01811627
0.195098	0.01788224
0.198849	0.01760165
0.202601	0.01728007
0.206353	0.01692394
0.210105	0.01654053
0.213857	0.01613777
0.217609	0.01572421
0.221361	0.01530880
0.225113	0.01490079
0.228864	0.01450952
0.232616	0.01414429
0.236368	0.01381415
0.240120	0.01352772
0.243872	0.01329303
0.247624	0.01311740
0.251376	0.01300722
0.255128	0.01296790
0.258879	0.01300373
0.262631	0.01311785
0.266383	0.01331216
0.270135	0.01358735
0.273887	0.01394291
0.277639	0.01437719
0.281391	0.01488749
0.285143	0.01547016
0.288894	0.01612076
0.292646	0.01683423
0.296398	0.01760505
0.300150	0.01842743
0.303902	0.01929554
0.307654	0.02020367
0.311406	0.02114644
0.315158	0.02211895
0.318909	0.02311696
0.322661	0.02413701
0.326413	0.02517649
0.330165	0.02623374
0.333917	0.02730804
0.337669	0.02839964
0.341421	0.02950964
0.345173	0.03063997
0.348924	0.03179325
0.352676	0.03297260
0.356428	0.03418152
0.360180	0.03542365
0.363932	0.03670258
0.367684	0.03802166
0.371436	0.03938373
0.375188	0.04079098
0.378939	0.04224471
0.382691	0.04374520
0.386443	0.04529153
0.390195	0.04688150
0.393947	0.04851155
0.397699	0.05017669
0.401451	0.05187052
0.405203	0.05358525
0.408954	0.05531179
0.412706	0.05703985
0.416458	0.05875806
0.420210	0.06045419
0.423962	0.06211531
0.427714	0.06372805
0.431466	0.06527881
0.435218	0.06675407
0.438969	0.06814060
0.442721	0.06942580
0.446473	0.07059793
0.450225	0.07164637
0.453977	0.07256195
0.457729	0.07333710
0.461481	0.07396611
0.465233	0.07444532
0.468984	0.07477327
0.472736	0.07495079
0.476488	0.07498111
0.480240	0.07486987
0.483992	0.07462509
0.487744	0.07425710
0.491496	0.07377841
0.495248	0.07320355
0.498999	0.07254882
0.502751	0.07183205
0.506503	0.07107222
0.510255	0.07028920
0.514007	0.06950327
0.517759	0.06873480
0.521511	0.06800378
0.525263	0.06732944
0.529015	0.06672980
0.532766	0.06622132
0.536518	0.06581851
0.540270	0.06553360
0.544022	0.06537626
0.547774	0.06535338
0.551526	0.06546889
0.555278	0.06572365
0.559030	0.06611544
0.562781	0.06663893
0.566533	0.06728584
0.570285	0.06804507
0.574037	0.06890293
0.577789	0.06984345
0.581541	0.07084869
0.585293	0.07189911
0.589045	0.07297404
0.592796	0.07405206
0.596548	0.07511149
0.600300	0.07613086
0.604052	0.07708933
0.607804	0.07796717
0.611556	0.07874614
0.615308	0.07940991
0.619060	0.07994437
0.622811	0.08033794
0.626563	0.08058180
0.630315	0.08067005
0.634067	0.08059985
0.637819	0.08037146
0.641571	0.07998822
0.645323	0.07945645
0.649075	0.07878539
0.652826	0.07798693
0.656578	0.07707539
0.660330	0.07606727
0.664082	0.07498091
0.667834	0.07383611
0.671586	0.07265382
0.675338	0.07145573
0.679090	0.07026388
0.682841	0.06910029
0.686593	0.06798659
0.690345	0.06694366
0.694097	0.06599127
0.697849	0.06514783
0.701601	0.06443005
0.705353	0.06385273
0.709105	0.06342853
0.712856	0.06316783
0.716608	0.06307856
0.720360	0.06316610
0.724112	0.06343326
0.727864	0.06388022
0.731616	0.06450457
0.735368	0.06530134
0.739120	0.06626313
0.742871	0.06738016
0.746623	0.06864046
0.750375	0.07003005
0.754127	0.07153310
0.757879	0.07313221
0.761631	0.07480858
0.765383	0.07654233
0.769135	0.07831271
0.772886	0.08009845
0.776638	0.08187795
0.780390	0.08362964
0.784142	0.08533223
0.787894	0.08696498
0.791646	0.08850799
0.795398	0.08994243
0.799150	0.09125081
0.802901	0.09241719
0.806653	0.09342740
0.810405	0.09426923
0.814157	0.09493259
0.817909	0.09540970
0.821661	0.09569515
0.825413	0.09578608
0.829165	0.09568222
0.832916	0.09538595
0.836668	0.09490235
0.840420	0.09423917
0.844172	0.09340685
0.847924	0.09241842
0.851676	0.09128944
0.855428	0.09003784
0.859180	0.08868377
0.862931	0.08724942
0.866683	0.08575873
0.870435	0.08423712
0.874187	0.08271118
0.877939	0.08120829
0.881691	0.07975622
0.885443	0.07838274
0.889195	0.07711510
0.892946	0.07597963
0.896698	0.07500121
0.900450	0.07420283
0.904202	0.07360511
0.907954	0.07322585
0.911706	0.07307964
0.915458	0.07317748
0.919210	0.07352647
0.922961	0.07412959
0.926713	0.07498549
0.930465	0.07608846
0.934217	0.07742836
0.937969	0.07899076
0.941721	0.08075712
0.945473	0.08270504
0.949225	0.08480865
0.952976	0.08703905
0.956728	0.08936478
0.960480	0.09175249
0.964232	0.09416750
0.967984	0.09657448
0.971736	0.09893817
0.975488	0.10122405
0.979240	0.10339904
0.982991	0.10543214
0.986743	0.10729504
0.990495	0.10896272
0.994247	0.11041386
0.997999	0.11163130
1.001751	0.11260233
1.005503	0.11331885
1.009255	0.11377754
1.013007	0.11397977
1.016758	0.11393152
1.020510	0.11364315
1.024262	0.11312903
1.028014	0.11240717
1.031766	0.11149865
1.035518	0.11042710
1.039270	0.10921803
1.043022	0.10789817
1.046773	0.10649480
1.050525	0.10503504
1.054277	0.10354520
1.058029	0.10205015
1.061781	0.10057276
1.065533	0.09913340
1.069285	0.09774953
1.073037	0.09643543
1.076788	0.09520201
1.080540	0.09405672
1.084292	0.09300364
1.088044	0.09204362
1.091796	0.09117458
1.095548	0.09039188
1.099300	0.08968876
1.103052	0.08905688
1.106803	0.08848686
1.110555	0.08796885
1.114307	0.08749310
1.118059	0.08705049
1.121811	0.08663300
1.125563	0.08623409
1.129315	0.08584905
1.133067	0.08547516
1.136818	0.08511180
1.140570	0.08476043
1.144322	0.08442446
1.148074	0.08410898
1.151826	0.08382050
1.155578	0.08356651
1.159330	0.08335510
1.163082	0.08319442
1.166833	0.08309229
1.170585	0.08305573
1.174337	0.08309058
1.178089	0.08320118
1.181841	0.08339013
1.185593	0.08365813
1.189345	0.08400394
1.193097	0.08442445
1.196848	0.08491481
1.200600	0.08546869
1.204352	0.08607856
1.208104	0.08673605
1.211856	0.08743238
1.215608	0.08815870
1.219360	0.08890653
1.223112	0.08966810
1.226863	0.09043663
1.230615	0.09120661
1.234367	0.09197392
1.238119	0.09273590
1.241871	0.09349141
1.245623	0.09424065
1.249375	0.09498508
1.253127	0.09572720
1.256878	0.09647027
1.260630	0.09721808
1.264382	0.09797472
1.268134	0.09874428
1.271886	0.09953068
1.275638	0.10033759
1.279390	0.10116825
1.283142	0.10202556
1.286893	0.10291213
1.290645	0.10383039
1.294397	0.10478285
1.298149	0.10577233
1.301901	0.10680224
1.305653	0.10787687
1.309405	0.10900172
1.313157	0.11018368
1.316908	0.11143130
1.320660	0.11275483
1.324412	0.11416633
1.328164	0.11567954
1.331916	0.11730974
1.335668	0.11907342
1.339420	0.12098789
1.343172	0.12307083
1.346923	0.12533965
1.350675	0.12781084
1.354427	0.13049933
1.358179	0.13341775
1.361931	0.13657570
1.365683	0.13997909
1.369435	0.14362955
1.373187	0.14752386
1.376938	0.15165350
1.380690	0.15600437
1.384442	0.16055660
1.388194	0.16528449
1.391946	0.17015666
1.395698	0.17513630
1.399450	0.18018158
1.403202	0.18524622
1.406953	0.19028020
1.410705	0.19523052
1.414457	0.20004217
1.418209	0.20465904
1.421961	0.20902503
1.425713	0.21308508
1.429465	0.21678627
1.433217	0.22007887
1.436968	0.22291739
1.440720	0.22526149
1.444472	0.22707691
1.448224	0.22833616
1.451976	0.22901921
1.455728	0.22911394
1.459480	0.22861648
1.463232	0.22753136
1.466983	0.22587154
1.470735	0.22365816
1.474487	0.22092024
1.478239	0.21769414
1.481991	0.21402287
1.485743	0.20995527
1.489495	0.20554510
1.493247	0.20084999
1.496998	0.19593032
1.500750	0.19084803
1.504502	0.18566552
1.508254	0.18044440
1.512006	0.17524440
1.515758	0.17012228
1.519510	0.16513089
1.523262	0.16031828
1.527014	0.15572699
1.530765	0.15139347
1.534517	0.14734767
1.538269	0.14361281
1.542021	0.14020528
1.545773	0.13713470
1.549525	0.13440423
1.553277	0.13201085
1.557029	0.12994593
1.560780	0.12819579
1.564532	0.12674238
1.568284	0.12556400
1.572036	0.12463606
1.575788	0.12393186
1.579540	0.12342330
1.583292	0.12308162
1.587044	0.12287800
1.590795	0.12278422
1.594547	0.12277307
1.598299	0.12281883
1.602051	0.12289758
1.605803	0.12298743
1.609555	0.12306866
1.613307	0.12312384
1.617059	0.12313782
1.620810	0.12309769
1.624562	0.12299269
1.628314	0.12281411
1.632066	0.12255518
1.635818	0.12221091
1.639570	0.12177800
1.643322	0.12125471
1.647074	0.12064078
1.650825	0.11993738
1.654577	0.11914709
1.658329	0.11827385
1.662081	0.11732304
1.665833	0.11630146
1.669585	0.11521743
1.673337	0.11408079
1.677089	0.11290298
1.680840	0.11169703
1.684592	0.11047764
1.688344	0.10926108
1.692096	0.10806514
1.695848	0.10690909
1.699600	0.10581345
1.703352	0.10479984
1.707104	0.10389072
1.710855	0.10310910
1.714607	0.10247824
1.718359	0.10202127
1.722111	0.10176079
1.725863	0.10171851
1.729615	0.10191484
1.733367	0.10236848
1.737119	0.10309607
1.740870	0.10411182
1.744622	0.10542721
1.748374	0.10705074
1.752126	0.10898774
1.755878	0.11124018
1.759630	0.11380669
1.763382	0.11668244
1.767134	0.11985929
1.770885	0.12332591
1.774637	0.12706791
1.778389	0.13106813
1.782141	0.13530694
1.785893	0.13976250
1.789645	0.14441116
1.793397	0.14922780
1.797149	0.15418617
1.800900	0.15925928
1.804652	0.16441970
1.808404	0.16963987
1.812156	0.17489241
1.815908	0.18015031
1.819660	0.18538715
1.823412	0.19057725
1.827164	0.19569580
1.830915	0.20071890
1.834667	0.20562364
1.838419	0.21038812
1.842171	0.21499141
1.845923	0.21941361
1.849675	0.22363577
1.853427	0.22763990
1.857179	0.23140899
1.860930	0.23492701
1.864682	0.23817897
1.868434	0.24115097
1.872186	0.24383030
1.875938	0.24620556
1.879690	0.24826684
1.883442	0.25000586
1.887194	0.25141617
1.890945	0.25249336
1.894697	0.25323522
1.898449	0.25364200
1.902201	0.25371649
1.905953	0.25346424
1.909705	0.25289358
1.913457	0.25201573
1.917209	0.25084475
1.920960	0.24939747
1.924712	0.24769336
1.928464	0.24575428
1.932216	0.24360426
1.935968	0.24126910
1.939720	0.23877602
1.943472	0.23615323
1.947224	0.23342947
1.950975	0.23063353
1.954727	0.22779383
1.958479	0.22493793
1.962231	0.22209217
1.965983	0.21928130
1.969735	0.21652817
1.973487	0.21385355
1.977239	0.21127592
1.980990	0.20881143
1.984742	0.20647389
1.988494	0.20427481
1.992246	0.20222352
1.995998	0.20032733
1.999750	0.19859171
2.003502	0.19702051
2.007254	0.19561612
2.011006	0.19437972
2.014757	0.19331143
2.018509	0.19241044
2.022261	0.19167515
2.026013	0.19110321
2.029765	0.19069157
2.033517	0.19043644
2.037269	0.19033333
2.041021	0.19037693
2.044772	0.19056105
2.048524	0.19087862
2.052276	0.19132158
2.056028	0.19188086
2.059780	0.19254640
2.063532	0.19330719
2.067284	0.19415132
2.071036	0.19506611
2.074787	0.19603830
2.078539	0.19705421
2.082291	0.19809999
2.086043	0.19916187
2.089795	0.20022641
2.093547	0.20128080
2.097299	0.20231306
2.101051	0.20331233
2.104802	0.20426905
2.108554	0.20517512
2.112306	0.20602403
2.116058	0.20681093
2.119810	0.20753263
2.123562	0.20818760
2.127314	0.20877587
2.131066	0.20929888
2.134817	0.20975938
2.138569	0.21016117
2.142321	0.21050896
2.146073	0.21080812
2.149825	0.21106446
2.153577	0.21128406
2.157329	0.21147307
2.161081	0.21163755
2.164832	0.21178334
2.168584	0.21191600
2.172336	0.21204069
2.176088	0.21216219
2.179840	0.21228488
2.183592	0.21241275
2.187344	0.21254945
2.191096	0.21269836
2.194847	0.21286260
2.198599	0.21304511
2.202351	0.21324870
2.206103	0.21347609
2.209855	0.21372987
2.213607	0.21401259
2.217359	0.21432670
2.221111	0.21467451
2.224862	0.21505820
2.228614	0.21547974
2.232366	0.21594086
2.236118	0.21644302
2.239870	0.21698736
2.243622	0.21757472
2.247374	0.21820557
2.251126	0.21888012
2.254877	0.21959827
2.258629	0.22035970
2.262381	0.22116397
2.266133	0.22201052
2.269885	0.22289882
2.273637	0.22382844
2.277389	0.22479911
2.281141	0.22581081
2.284892	0.22686381
2.288644	0.22795873
2.292396	0.22909652
2.296148	0.23027848
2.299900	0.23150619
2.303652	0.23278149
2.307404	0.23410639
2.311156	0.23548298
2.314907	0.23691331
2.318659	0.23839930
2.322411	0.23994265
2.326163	0.24154465
2.329915	0.24320619
2.333667	0.24492757
2.337419	0.24670852
2.341171	0.24854806
2.344922	0.25044453
2.348674	0.25239551
2.352426	0.25439789
2.356178	0.25644784
2.359930	0.25854084
2.363682	0.26067178
2.367434	0.26283495
2.371186	0.26502414
2.374937	0.26723274
2.378689	0.26945374
2.382441	0.27167986
2.386193	0.27390359
2.389945	0.27611725
2.393697	0.27831303
2.397449	0.28048305
2.401201	0.28261936
2.404952	0.28471392
2.408704	0.28675867
2.412456	0.28874544
2.416208	0.29066593
2.419960	0.29251168
2.423712	0.29427404
2.427464	0.29594408
2.431216	0.29751256
2.434967	0.29896991
2.438719	0.30030620
2.442471	0.30151114
2.446223	0.30257409
2.449975	0.30348419
2.453727	0.30423036
2.457479	0.30480150
2.461231	0.30518665
2.464982	0.30537518
2.468734	0.30535702
2.472486	0.30512296
2.476238	0.30466491
2.479990	0.30397619
2.483742	0.30305184
2.487494	0.30188893
2.491246	0.30048678
2.494997	0.29884724
2.498749	0.29697489
2.502501	0.29487719
2.506253	0.29256460
2.510005	0.29005058
2.513757	0.28735166
2.517509	0.28448729
2.521261	0.28147975
2.525013	0.27835395
2.528764	0.27513718
2.532516	0.27185885
2.536268	0.26855011
2.540020	0.26524354
2.543772	0.26197274
2.547524	0.25877191
2.551276	0.25567545
2.555028	0.25271754
2.558779	0.24993169
2.562531	0.24735032
2.566283	0.24500439
2.570035	0.24292294
2.573787	0.24113276
2.577539	0.23965802
2.581291	0.23851992
2.585043	0.23773643
2.588794	0.23732198
2.592546	0.23728729
2.596298	0.23763913
2.600050	0.23838028
2.603802	0.23950939
2.607554	0.24102102
2.611306	0.24290570
2.615058	0.24515006
2.618809	0.24773702
2.622561	0.25064608
2.626313	0.25385363
2.630065	0.25733338
2.633817	0.26105677
2.637569	0.26499348
2.641321	0.26911192
2.645073	0.27337976
2.648824	0.27776445
2.652576	0.28223371
2.656328	0.28675600
2.660080	0.29130091
2.663832	0.29583955
2.667584	0.30034478
2.671336	0.30479141
2.675088	0.30915635
2.678839	0.31341857
2.682591	0.31755908
2.686343	0.32156082
2.690095	0.32540842
2.693847	0.32908803
2.697599	0.33258699
2.701351	0.33589361
2.705103	0.33899691
2.708854	0.34188634
2.712606	0.34455164
2.716358	0.34698266
2.720110	0.34916938
2.723862	0.35110187
2.727614	0.35277043
2.731366	0.35416584
2.735118	0.35527957
2.738869	0.35610426
2.742621	0.35663405
2.746373	0.35686517
2.750125	0.35679642
2.753877	0.35642971
2.757629	0.35577059
2.761381	0.35482878
2.765133	0.35361855
2.768884	0.35215909
2.772636	0.35047476
2.776388	0.34859516
2.780140	0.34655517
2.783892	0.34439467
2.787644	0.34215824
2.791396	0.33989459
2.795148	0.33765590
2.798899	0.33549689
2.802651	0.33347392
2.806403	0.33164376
2.810155	0.33006245
2.813907	0.32878396
2.817659	0.32785890
2.821411	0.32733323
2.825163	0.32724698
2.828914	0.32763313
2.832666	0.32851656
2.836418	0.32991324
2.840170	0.33182953
2.843922	0.33426183
2.847674	0.33719637
2.851426	0.34060936
2.855178	0.34446732
2.858929	0.34872778
2.862681	0.35334011
2.866433	0.35824666
2.870185	0.36338406
2.873937	0.36868469
2.877689	0.37407826
2.881441	0.37949341
2.885193	0.38485942
2.888944	0.39010776
2.892696	0.39517365
2.896448	0.39999748
2.900200	0.40452600
2.903952	0.40871336
2.907704	0.41252192
2.911456	0.41592281
2.915208	0.41889623
2.918959	0.42143151
2.922711	0.42352693
2.926463	0.42518933
2.930215	0.42643349
2.933967	0.42728141
2.937719	0.42776132
2.941471	0.42790675
2.945223	0.42775545
2.948974	0.42734822
2.952726	0.42672788
2.956478	0.42593816
2.960230	0.42502267
2.963982	0.42402397
2.967734	0.42298271
2.971486	0.42193691
2.975238	0.42092126
2.978989	0.41996669
2.982741	0.41909990
2.986493	0.41834313
2.990245	0.41771397
2.993997	0.41722531
2.997749	0.41688537
3.001501	0.41669788
3.005253	0.41666229
3.009005	0.41677407
3.012756	0.41702511
3.016508	0.41740419
3.020260	0.41789742
3.024012	0.41848886
3.027764	0.41916104
3.031516	0.41989558
3.035268	0.42067377
3.039020	0.42147718
3.042771	0.42228819
3.046523	0.42309052
3.050275	0.42386970
3.054027	0.42461343
3.057779	0.42531188
3.061531	0.42595795
3.065283	0.42654729
3.069035	0.42707839
3.072786	0.42755239
3.076538	0.42797295
3.080290	0.42834590
3.084042	0.42867891
3.087794	0.42898100
3.091546	0.42926210
3.095298	0.42953253
3.099050	0.42980248
3.102801	0.43008155
3.106553	0.43037826
3.110305	0.43069970
3.114057	0.43105120
3.117809	0.43143612
3.121561	0.43185571
3.125313	0.43230908
3.129065	0.43279329
3.132816	0.43330346
3.136568	0.43383309
3.140320	0.43437429
3.144072	0.43491818
3.147824	0.43545528
3.151576	0.43597591
3.155328	0.43647059
3.159080	0.43693043
3.162831	0.43734751
3.166583	0.43771516
3.170335	0.43802827
3.174087	0.43828349
3.177839	0.43847941
3.181591	0.43861670
3.185343	0.43869823
3.189095	0.43872909
3.192846	0.43871671
3.196598	0.43867082
3.200350	0.43860357
3.204102	0.43852951
3.207854	0.43846561
3.211606	0.43843136
3.215358	0.43844873
3.219110	0.43854221
3.222861	0.43873878
3.226613	0.43906785
3.230365	0.43956115
3.234117	0.44025253
3.237869	0.44117771
3.241621	0.44237393
3.245373	0.44387944
3.249125	0.44573299
3.252876	0.44797316
3.256628	0.45063757
3.260380	0.45376211
3.264132	0.45737999
3.267884	0.46152087
3.271636	0.46620991
3.275388	0.47146686
3.279140	0.47730524
3.282891	0.48373159
3.286643	0.49074481
3.290395	0.49833574
3.294147	0.50648687
3.297899	0.51517221
3.301651	0.52435746
3.305403	0.53400033
3.309155	0.54405112
3.312906	0.55445351
3.316658	0.56514547
3.320410	0.57606048
3.324162	0.58712870
3.327914	0.59827839
3.331666	0.60943733
3.335418	0.62053424
3.339170	0.63150017
3.342921	0.64226987
3.346673	0.65278301
3.350425	0.66298524
3.354177	0.67282913
3.357929	0.68227490
3.361681	0.69129090
3.365433	0.69985397
3.369185	0.70794949
3.372936	0.71557133
3.376688	0.72272156
3.380440	0.72941006
3.384192	0.73565392
3.387944	0.74147685
3.391696	0.74690845
3.395448	0.75198351
3.399200	0.75674124
3.402951	0.76122462
3.406703	0.76547974
3.410455	0.76955518
3.414207	0.77350154
3.417959	0.77737104
3.421711	0.78121711
3.425463	0.78509417
3.429215	0.78905738
3.432966	0.79316247
3.436718	0.79746564
3.440470	0.80202332
3.444222	0.80689209
3.447974	0.81212847
3.451726	0.81778863
3.455478	0.82392816
3.459230	0.83060167
3.462981	0.83786238
3.466733	0.84576158
3.470485	0.85434815
3.474237	0.86366788
3.477989	0.87376289
3.481741	0.88467091
3.485493	0.89642464
3.489245	0.90905109
3.492996	0.92257091
3.496748	0.93699779
3.500500	0.95233792
3.504252	0.96858943
3.508004	0.98574197
3.511756	1.00377631
3.515508	1.02266404
3.519260	1.04236727
3.523012	1.06283846
3.526763	1.08402026
3.530515	1.10584551
3.534267	1.12823717
3.538019	1.15110845
3.541771	1.17436295
3.545523	1.19789491
3.549275	1.22158957
3.553027	1.24532368
3.556778	1.26896605
3.560530	1.29237840
3.564282	1.31541625
3.568034	1.33793008
3.571786	1.35976670
3.575538	1.38077072
3.579290	1.40078637
3.583042	1.41965946
3.586793	1.43723946
3.590545	1.45338187
3.594297	1.46795057
3.598049	1.48082037
3.601801	1.49187948
3.605553	1.50103196
3.609305	1.50820008
3.613057	1.51332640
3.616808	1.51637568
3.620560	1.51733632
3.624312	1.51622146
3.628064	1.51306956
3.631816	1.50794440
3.635568	1.50093460
3.639320	1.49215241
3.643072	1.48173205
3.646823	1.46982734
3.650575	1.45660893
3.654327	1.44226094
3.658079	1.42697734
3.661831	1.41095792
3.665583	1.39440422
3.669335	1.37751534
3.673087	1.36048382
3.676838	1.34349177
3.680590	1.32670732
3.684342	1.31028153
3.688094	1.29434576
3.691846	1.27900976
3.695598	1.26436038
3.699350	1.25046094
3.703102	1.23735138
3.706853	1.22504902
3.710605	1.21355001
3.714357	1.20283128
3.718109	1.19285301
3.721861	1.18356140
3.725613	1.17489177
3.729365	1.16677169
3.733117	1.15912416
3.736868	1.15187063
3.740620	1.14493385
3.744372	1.13824028
3.748124	1.13172221
3.751876	1.12531939
3.755628	1.11898007
3.759380	1.11266169
3.763132	1.10633099
3.766883	1.09996366
3.770635	1.09354363
3.774387	1.08706199
3.778139	1.08051571
3.781891	1.07390611
3.785643	1.06723733
3.789395	1.06051478
3.793147	1.05374362
3.796898	1.04692752
3.800650	1.04006753
3.804402	1.03316127
3.808154	1.02620234
3.811906	1.01918015
3.815658	1.01207992
3.819410	1.00488301
3.823162	0.99756755
3.826913	0.99010918
3.830665	0.98248202
3.834417	0.97465974
3.838169	0.96661671
3.841921	0.95832910
3.845673	0.94977603
3.849425	0.94094057
3.853177	0.93181067
3.856928	0.92237993
3.860680	0.91264822
3.864432	0.90262209
3.868184	0.89231504
3.871936	0.88174756
3.875688	0.87094697
3.879440	0.85994715
3.883192	0.84878802
3.886943	0.83751491
3.890695	0.82617778
3.894447	0.81483026
3.898199	0.80352870
3.901951	0.79233104
3.905703	0.78129567
3.909455	0.77048025
3.913207	0.75994049
3.916958	0.74972907
3.920710	0.73989449
3.924462	0.73048009
3.928214	0.72152316
3.931966	0.71305424
3.935718	0.70509653
3.939470	0.69766556
3.943222	0.69076902
3.946973	0.68440685
3.950725	0.67857150
3.954477	0.67324840
3.958229	0.66841667
3.961981	0.66404990
3.965733	0.66011712
3.969485	0.65658382
3.973237	0.65341302
3.976988	0.65056632
3.980740	0.64800492
3.984492	0.64569051
3.988244	0.64358607
3.991996	0.64165648
3.995748	0.63986893
3.999500	0.63819322
4.003252	0.63660179
4.007004	0.63506956
4.010755	0.63357372
4.014507	0.63209328
4.018259	0.63060860
4.022011	0.62910083
4.025763	0.62755140
4.029515	0.62594149
4.033267	0.62425161
4.037019	0.62246134
4.040770	0.62054912
4.044522	0.61849227
4.048274	0.61626719
4.052026	0.61384965
4.055778	0.61121535
4.059530	0.60834053
4.063282	0.60520270
4.067034	0.60178149
4.070785	0.59805952
4.074537	0.59402319
4.078289	0.58966355
4.082041	0.58497699
4.085793	0.57996584
4.089545	0.57463887
4.093297	0.56901152
4.097049	0.56310608
4.100800	0.55695156
4.104552	0.55058349
4.108304	0.54404343
4.112056	0.53737844
4.115808	0.53064031
4.119560	0.52388468
4.123312	0.51717015
4.127064	0.51055721
4.130815	0.50410719
4.134567	0.49788119
4.138319	0.49193893
4.142071	0.48633776
4.145823	0.48113158
4.149575	0.47636986
4.153327	0.47209673
4.157079	0.46835016
4.160830	0.46516118
4.164582	0.46255326
4.168334	0.46054174
4.172086	0.45913343
4.175838	0.45832631
4.179590	0.45810940
4.183342	0.45846275
4.187094	0.45935767
4.190845	0.46075705
4.194597	0.46261594
4.198349	0.46488226
4.202101	0.46749779
4.205853	0.47039921
4.209605	0.47351944
4.213357	0.47678905
4.217109	0.48013781
4.220860	0.48349637
4.224612	0.48679785
4.228364	0.48997965
4.232116	0.49298494
4.235868	0.49576430
4.239620	0.49827698
4.243372	0.50049210
4.247124	0.50238953
4.250875	0.50396047
4.254627	0.50520775
4.258379	0.50614572
4.262131	0.50679983
4.265883	0.50720592
4.269635	0.50740905
4.273387	0.50746219
4.277139	0.50742454
4.280890	0.50735975
4.284642	0.50733395
4.288394	0.50741372
4.292146	0.50766406
4.295898	0.50814648
4.299650	0.50891714
4.303402	0.51002522
4.307154	0.51151155
4.310905	0.51340752
4.314657	0.51573421
4.318409	0.51850203
4.322161	0.52171046
4.325913	0.52534835
4.329665	0.52939432
4.333417	0.53381755
4.337169	0.53857880
4.340920	0.54363156
4.344672	0.54892343
4.348424	0.55439753
4.352176	0.55999397
4.355928	0.56565138
4.359680	0.57130832
4.363432	0.57690468
4.367184	0.58238292
4.370935	0.58768919
4.374687	0.59277434
4.378439	0.59759472
4.382191	0.60211282
4.385943	0.60629778
4.389695	0.61012568
4.393447	0.61357972
4.397199	0.61665024
4.400950	0.61933458
4.404702	0.62163688
4.408454	0.62356772
4.412206	0.62514367
4.415958	0.62638673
4.419710	0.62732381
4.423462	0.62798596
4.427214	0.62840774
4.430965	0.62862639
4.434717	0.62868111
4.438469	0.62861221
4.442221	0.62846034
4.445973	0.62826569
4.449725	0.62806726
4.453477	0.62790212
4.457229	0.62780482
4.460980	0.62780679
4.464732	0.62793588
4.468484	0.62821597
4.472236	0.62866675
4.475988	0.62930350
4.479740	0.63013712
4.483492	0.63117411
4.487244	0.63241678
4.490995	0.63386347
4.494747	0.63550883
4.498499	0.63734421
4.502251	0.63935797
4.506003	0.64153595
4.509755	0.64386178
4.513507	0.64631723
4.517259	0.64888258
4.521011	0.65153684
4.524762	0.65425797
4.528514	0.65702308
4.532266	0.65980851
4.536018	0.66258996
4.539770	0.66534256
4.543522	0.66804087
4.547274	0.67065907
4.551026	0.67317093
4.554777	0.67555008
4.558529	0.67777010
4.562281	0.67980487
4.566033	0.68162884
4.569785	0.68321744
4.573537	0.68454756
4.577289	0.68559800
4.581041	0.68635004
4.584792	0.68678793
4.588544	0.68689947
4.592296	0.68667642
4.596048	0.68611494
4.599800	0.68521593
4.603552	0.68398520
4.607304	0.68243359
4.611056	0.68057687
4.614807	0.67843561
4.618559	0.67603481
4.622311	0.67340345
4.626063	0.67057391
4.629815	0.66758134
4.633567	0.66446288
4.637319	0.66125693
4.641071	0.65800234
4.644822	0.65473766
4.648574	0.65150041
4.652326	0.64832642
4.656078	0.64524927
4.659830	0.64229984
4.663582	0.63950595
4.667334	0.63689214
4.671086	0.63447953
4.674837	0.63228586
4.678589	0.63032554
4.682341	0.62860983
4.686093	0.62714708
4.689845	0.62594302
4.693597	0.62500104
4.697349	0.62432246
4.701101	0.62390687
4.704852	0.62375234
4.708604	0.62385563
4.712356	0.62421234
4.716108	0.62481699
4.719860	0.62566307
4.723612	0.62674300
4.727364	0.62804806
4.731116	0.62956833
4.734867	0.63129250
4.738619	0.63320781
4.742371	0.63529991
4.746123	0.63755278
4.749875	0.63994872
4.753627	0.64246836
4.757379	0.64509078
4.761131	0.64779368
4.764882	0.65055362
4.768634	0.65334639
4.772386	0.65614737
4.776138	0.65893202
4.779890	0.66167635
4.783642	0.66435741
4.787394	0.66695386
4.791146	0.66944634
4.794897	0.67181797
4.798649	0.67405461
4.802401	0.67614516
4.806153	0.67808160
4.809905	0.67985904
4.813657	0.68147554
4.817409	0.68293187
4.821161	0.68423108
4.824912	0.68537804
4.828664	0.68637885
4.832416	0.68724020
4.836168	0.68796878
4.839920	0.68857059
4.843672	0.68905037
4.847424	0.68941111
4.851176	0.68965365
4.854927	0.68977639
4.858679	0.68977523
4.862431	0.68964356
4.866183	0.68937249
4.869935	0.68895123
4.873687	0.68836754
4.877439	0.68760840
4.881191	0.68666065
4.884942	0.68551175
4.888694	0.68415055
4.892446	0.68256799
4.896198	0.68075779
4.899950	0.67871697
4.903702	0.67644632
4.907454	0.67395067
4.911206	0.67123902
4.914957	0.66832446
4.918709	0.66522398
4.922461	0.66195807
4.926213	0.65855020
4.929965	0.65502621
4.933717	0.65141353
4.937469	0.64774046
4.941221	0.64403537
4.944972	0.64032586
4.948724	0.63663812
4.952476	0.63299622
4.956228	0.62942159
4.959980	0.62593264
4.963732	0.62254444
4.967484	0.61926866
4.971236	0.61611359
4.974987	0.61308437
4.978739	0.61018331
4.982491	0.60741038
4.986243	0.60476383
4.989995	0.60224085
4.993747	0.59983834
4.997499	0.59755369
5.001251	0.59538560
5.005003	0.59333484
5.008754	0.59140501
5.012506	0.58960316
5.016258	0.58794038
5.020010	0.58643223
5.023762	0.58509899
5.027514	0.58396585
5.031266	0.58306283
5.035018	0.58242458
5.038769	0.58209000
5.042521	0.58210172
5.046273	0.58250536
5.050025	0.58334876
5.053777	0.58468096
5.057529	0.58655124
5.061281	0.58900803
5.065033	0.59209775
5.068784	0.59586380
5.072536	0.60034542
5.076288	0.60557681
5.080040	0.61158619
5.083792	0.61839509
5.087544	0.62601778
5.091296	0.63446086
5.095048	0.64372303
5.098799	0.65379504
5.102551	0.66465984
5.106303	0.67629295
5.110055	0.68866288
5.113807	0.70173183
5.117559	0.71545642
5.121311	0.72978860
5.125063	0.74467658
5.128814	0.76006580
5.132566	0.77590001
5.136318	0.79212224
5.140070	0.80867578
5.143822	0.82550509
5.147574	0.84255669
5.151326	0.85977982
5.155078	0.87712715
5.158829	0.89455522
5.162581	0.91202485
5.166333	0.92950134
5.170085	0.94695460
5.173837	0.96435907
5.177589	0.98169362
5.181341	0.99894119
5.185093	1.01608849
5.188844	1.03312546
5.192596	1.05004482
5.196348	1.06684144
5.200100	1.08351176
5.203852	1.10005324
5.207604	1.11646375
5.211356	1.13274109
5.215108	1.14888252
5.218859	1.16488444
5.222611	1.18074205
5.226363	1.19644925
5.230115	1.21199856
5.233867	1.22738114
5.237619	1.24258698
5.241371	1.25760505
5.245123	1.27242367
5.248874	1.28703078
5.252626	1.30141433
5.256378	1.31556266
5.260130	1.32946482
5.263882	1.34311094
5.267634	1.35649243
5.271386	1.36960226
5.275138	1.38243508
5.278889	1.39498726
5.282641	1.40725697
5.286393	1.41924407
5.290145	1.43095006
5.293897	1.44237792
5.297649	1.45353201
5.301401	1.46441788
5.305153	1.47504216
5.308904	1.48541242
5.312656	1.49553712
5.316408	1.50542552
5.320160	1.51508766
5.323912	1.52453438
5.327664	1.53377733
5.331416	1.54282900
5.335168	1.55170273
5.338919	1.56041272
5.342671	1.56897400
5.346423	1.57740228
5.350175	1.58571389
5.353927	1.59392548
5.357679	1.60205378
5.361431	1.61011523
5.365183	1.61812556
5.368934	1.62609935
5.372686	1.63404951
5.376438	1.64198680
5.380190	1.64991938
5.383942	1.65785229
5.387694	1.66578713
5.391446	1.67372172
5.395198	1.68164995
5.398949	1.68956164
5.402701	1.69744265
5.406453	1.70527502
5.410205	1.71303726
5.413957	1.72070484
5.417709	1.72825066
5.421461	1.73564565
5.425213	1.74285951
5.428964	1.74986130
5.432716	1.75662021
5.436468	1.76310619
5.440220	1.76929056
5.443972	1.77514650
5.447724	1.78064952
5.451476	1.78577772
5.455228	1.79051198
5.458979	1.79483603
5.462731	1.79873636
5.466483	1.80220208
5.470235	1.80522465
5.473987	1.80779752
5.477739	1.80991582
5.481491	1.81157590
5.485243	1.81277494
5.488994	1.81351056
5.492746	1.81378044
5.496498	1.81358203
5.500250	1.81291219
5.504002	1.81176702
5.507754	1.81014162
5.511506	1.80802992
5.515258	1.80542457
5.519010	1.80231674
5.522761	1.79869606
5.526513	1.79455044
5.530265	1.78986596
5.534017	1.78462674
5.537769	1.77881476
5.541521	1.77240978
5.545273	1.76538923
5.549025	1.75772812
5.552776	1.74939911
5.556528	1.74037259
5.560280	1.73061689
5.564032	1.72009862
5.567784	1.70878317
5.571536	1.69663532
5.575288	1.68362003
5.579040	1.66970335
5.582791	1.65485342
5.586543	1.63904162
5.590295	1.62224375
5.594047	1.60444119
5.597799	1.58562212
5.601551	1.56578258
5.605303	1.54492749
5.609055	1.52307142
5.612806	1.50023926
5.616558	1.47646659
5.620310	1.45179981
5.624062	1.42629603
5.627814	1.40002266
5.631566	1.37305671
5.635318	1.34548395
5.639070	1.31739768
5.642821	1.28889749
5.646573	1.26008773
5.650325	1.23107598
5.654077	1.20197138
5.657829	1.17288301
5.661581	1.14391825
5.665333	1.11518129
5.669085	1.08677164
5.672836	1.05878289
5.676588	1.03130155
5.680340	1.00440613
5.684092	0.97816635
5.687844	0.95264259
5.691596	0.92788550
5.695348	0.90393583
5.699100	0.88082438
5.702851	0.85857211
5.706603	0.83719045
5.710355	0.81668165
5.714107	0.79703924
5.717859	0.77824865
5.721611	0.76028776
5.725363	0.74312760
5.729115	0.72673305
5.732866	0.71106353
5.736618	0.69607373
5.740370	0.68171434
5.744122	0.66793275
5.747874	0.65467375
5.751626	0.64188027
5.755378	0.62949402
5.759130	0.61745623
5.762881	0.60570830
5.766633	0.59419251
5.770385	0.58285269
5.774137	0.57163493
5.777889	0.56048825
5.781641	0.54936534
5.785393	0.53822319
5.789145	0.52702380
5.792896	0.51573477
5.796648	0.50432996
5.800400	0.49278996
5.804152	0.48110260
5.807904	0.46926323
5.811656	0.45727503
5.815408	0.44514903
5.819160	0.43290411
5.822911	0.42056673
5.826663	0.40817057
5.830415	0.39575594
5.834167	0.38336904
5.837919	0.37106112
5.841671	0.35888738
5.845423	0.34690590
5.849175	0.33517636
5.852926	0.32375882
5.856678	0.31271244
5.860430	0.30209416
5.864182	0.29195758
5.867934	0.28235179
5.871686	0.27332046
5.875438	0.26490094
5.879190	0.25712366
5.882941	0.25001163
5.886693	0.24358014
5.890445	0.23783669
5.894197	0.23278100
5.897949	0.22840530
5.901701	0.22469463
5.905453	0.22162740
5.909205	0.21917587
5.912956	0.21730688
5.916708	0.21598242
5.920460	0.21516043
5.924212	0.21479540
5.927964	0.21483907
5.931716	0.21524107
5.935468	0.21594950
5.939220	0.21691153
5.942971	0.21807388
5.946723	0.21938337
5.950475	0.22078734
5.954227	0.22223418
5.957979	0.22367372
5.961731	0.22505776
5.965483	0.22634050
5.969235	0.22747905
5.972986	0.22843389
5.976738	0.22916942
5.980490	0.22965437
5.984242	0.22986237
5.987994	0.22977227
5.991746	0.22936862
5.995498	0.22864190
5.999250	0.22758875
6.003002	0.22621209
6.006753	0.22452107
6.010505	0.22253092
6.014257	0.22026266
6.018009	0.21774264
6.021761	0.21500198
6.025513	0.21207589
6.029265	0.20900284
6.033017	0.20582373
6.036768	0.20258089
6.040520	0.19931716
6.044272	0.19607493
6.048024	0.19289513
6.051776	0.18981644
6.055528	0.18687440
6.059280	0.18410078
6.063032	0.18152293
6.066783	0.17916336
6.070535	0.17703939
6.074287	0.17516299
6.078039	0.17354070
6.081791	0.17217371
6.085543	0.17105807
6.089295	0.17018497
6.093047	0.16954110
6.096798	0.16910915
6.100550	0.16886833
6.104302	0.16879490
6.108054	0.16886278
6.111806	0.16904420
6.115558	0.16931029
6.119310	0.16963169
6.123062	0.16997919
6.126813	0.17032427
6.130565	0.17063968
6.134317	0.17089996
6.138069	0.17108186
6.141821	0.17116479
6.145573	0.17113113
6.149325	0.17096654
6.153077	0.17066013
6.156828	0.17020461
6.160580	0.16959629
6.164332	0.16883503
6.168084	0.16792412
6.171836	0.16687003
6.175588	0.16568214
6.179340	0.16437233
6.183092	0.16295456
6.186843	0.16144441
6.190595	0.15985855
6.194347	0.15821423
6.198099	0.15652874
6.201851	0.15481896
6.205603	0.15310086
6.209355	0.15138910
6.213107	0.14969673
6.216858	0.14803485
6.220610	0.14641249
6.224362	0.14483649
6.228114	0.14331146
6.231866	0.14183987
6.235618	0.14042215
6.239370	0.13905689
6.243122	0.13774106
6.246873	0.13647029
6.250625	0.13523912
6.254377	0.13404128
6.258129	0.13286999
6.261881	0.13171816
6.265633	0.13057860
6.269385	0.12944421
6.273137	0.12830808
6.276888	0.12716355
6.280640	0.12600429
6.284392	0.12482426
6.288144	0.12361765
6.291896	0.12237890
6.295648	0.12110253
6.299400	0.11978314
6.303152	0.11841529
6.306903	0.11699350
6.310655	0.11551215
6.314407	0.11396554
6.318159	0.11234791
6.321911	0.11065344
6.325663	0.10887644
6.329415	0.10701139
6.333167	0.10505314
6.336918	0.10299706
6.340670	0.10083921
6.344422	0.09857650
6.348174	0.09620692
6.351926	0.09372965
6.355678	0.09114522
6.359430	0.08845561
6.363182	0.08566435
6.366933	0.08277655
6.370685	0.07979889
6.374437	0.07673961
6.378189	0.07360843
6.381941	0.07041641
6.385693	0.06717585
6.389445	0.06390004
6.393197	0.06060314
6.396948	0.05729987
6.400700	0.05400533
6.404452	0.05073475
6.408204	0.04750319
6.411956	0.04432537
6.415708	0.04121538
6.419460	0.03818649
6.423212	0.03525098
6.426963	0.03241992
6.430715	0.02970307
6.434467	0.02710878
6.438219	0.02464388
6.441971	0.02231367
6.445723	0.02012189
6.449475	0.01807076
6.453227	0.01616102
6.456978	0.01439202
6.460730	0.01276179
6.464482	0.01126718
6.468234	0.00990402
6.471986	0.00866719
6.475738	0.00755084
6.479490	0.00654853
6.483242	0.00565331
6.486993	0.00485798
6.490745	0.00415513
6.494497	0.00353730
6.498249	0.00299710
6.502001	0.00252730
6.505753	0.00212092
6.509505	0.00177129
6.513257	0.00147210
6.517009	0.00121746
6.520760	0.00100191
6.524512	0.00082045
6.528264	0.00066851
6.532016	0.00054198
6.535768	0.00043719
6.539520	0.00035088
6.543272	0.00028019
6.547024	0.00022259
6.550775	0.00017594
6.554527	0.00013834
6.558279	0.00010822
6.562031	0.00008422
6.565783	0.00006521
6.569535	0.00005022
6.573287	0.00003848
6.577039	0.00002933
6.580790	0.00002223
6.584542	0.00001677
6.588294	0.00001258
6.592046	0.00000939
6.595798	0.00000697
6.599550	0.00000515
6.603302	0.00000378
6.607054	0.00000276
6.610805	0.00000201
6.614557	0.00000145
6.618309	0.00000104
6.622061	0.00000075
6.625813	0.00000053
6.629565	0.00000037
6.633317	0.00000026
6.637069	0.00000018
6.640820	0.00000013
6.644572	0.00000009
6.648324	0.00000006
6.652076	0.00000004
6.655828	0.00000003
6.659580	0.00000002
6.663332	0.00000001
6.667084	0.00000001
6.670835	0.00000001
6.674587	0.00000000
6.678339	0.00000000
6.682091	0.00000000
6.685843	0.00000000
6.689595	0.00000000
6.693347	0.00000000
6.697099	0.00000000
6.700850	0.00000000
6.704602	0.00000000
6.708354	0.00000000
6.712106	0.00000000
6.715858	0.00000000
6.719610	0.00000000
6.723362	0.00000000
6.727114	0.00000000
6.730865	0.00000000
6.734617	0.00000000
6.738369	0.00000000
6.742121	0.00000000
6.745873	0.00000000
6.749625	0.00000000
6.753377	0.00000000
6.757129	0.00000000
6.760880	0.00000000
6.764632	0.00000000
6.768384	0.00000000
6.772136	0.00000000
6.775888	0.00000000
6.779640	0.00000000
6.783392	0.00000000
6.787144	0.00000000
6.790895	0.00000000
6.794647	0.00000000
6.798399	0.00000000
6.802151	0.00000000
6.805903	0.00000000
6.809655	0.00000000
6.813407	0.00000000
6.817159	0.00000000
6.820910	0.00000000
6.824662	0.00000000
6.828414	0.00000000
6.832166	0.00000000
6.835918	0.00000000
6.839670	0.00000000
6.843422	0.00000000
6.847174	0.00000000
6.850925	0.00000000
6.854677	0.00000000
6.858429	0.00000000
6.862181	0.00000000
6.865933	0.00000000
6.869685	0.00000000
6.873437	0.00000000
6.877189	0.00000000
6.880940	0.00000000
6.884692	0.00000000
6.888444	0.00000000
6.892196	0.00000000
6.895948	0.00000000
6.899700	0.00000000
6.903452	0.00000000
6.907204	0.00000000
6.910955	0.00000000
6.914707	0.00000000
6.918459	0.00000000
6.922211	0.00000000
6.925963	0.00000000
6.929715	0.00000000
6.933467	0.00000000
6.937219	0.00000000
6.940970	0.00000000
6.944722	0.00000000
6.948474	0.00000000
6.952226	0.00000000
6.955978	0.00000000
6.959730	0.00000000
6.963482	0.00000000
6.967234	0.00000000
6.970985	0.00000000
6.974737	0.00000000
6.978489	0.00000000
6.982241	0.00000000
6.985993	0.00000000
6.989745	0.00000000
6.993497	0.00000000
6.997249	0.00000000
7.001001	0.00000000
7.004752	0.00000000
7.008504	0.00000000
7.012256	0.00000000
7.016008	0.00000000
7.019760	0.00000000
7.023512	0.00000000
7.027264	0.00000000
7.031016	0.00000000
7.034767	0.00000000
7.038519	0.00000000
7.042271	0.00000000
7.046023	0.00000000
7.049775	0.00000000
7.053527	0.00000000
7.057279	0.00000000
7.061031	0.00000000
7.064782	0.00000000
7.068534	0.00000000
7.072286	0.00000000
7.076038	0.00000000
7.079790	0.00000000
7.083542	0.00000000
7.087294	0.00000000
7.091046	0.00000000
7.094797	0.00000000
7.098549	0.00000000
7.102301	0.00000000
7.106053	0.00000000
7.109805	0.00000000
7.113557	0.00000000
7.117309	0.00000000
7.121061	0.00000000
7.124812	0.00000000
7.128564	0.00000000
7.132316	0.00000000
7.136068	0.00000000
7.139820	0.00000000
7.143572	0.00000000
7.147324	0.00000000
7.151076	0.00000000
7.154827	0.00000000
7.158579	0.00000000
7.162331	0.00000000
7.166083	0.00000000
7.169835	0.00000000
7.173587	0.00000000
7.177339	0.00000000
7.181091	0.00000000
7.184842	0.00000000
7.188594	0.00000000
7.192346	0.00000000
7.196098	0.00000000
7.199850	0.00000000
7.203602	0.00000000
7.207354	0.00000000
7.211106	0.00000000
7.214857	0.00000000
7.218609	0.00000000
7.222361	0.00000000
7.226113	0.00000000
7.229865	0.00000000
7.233617	0.00000000
7.237369	0.00000000
7.241121	0.00000000
7.244872	0.00000000
7.248624	0.00000000
7.252376	0.00000000
7.256128	0.00000000
7.259880	0.00000000
7.263632	0.00000000
7.267384	0.00000000
7.271136	0.00000000
7.274887	0.00000000
7.278639	0.00000000
7.282391	0.00000000
7.286143	0.00000000
7.289895	0.00000000
7.293647	0.00000000
7.297399	0.00000000
7.301151	0.00000000
7.304902	0.00000000
7.308654	0.00000000
7.312406	0.00000000
7.316158	0.00000000
7.319910	0.00000000
7.323662	0.00000000
7.327414	0.00000000
7.331166	0.00000000
7.334917	0.00000000
7.338669	0.00000000
7.342421	0.00000000
7.346173	0.00000000
7.349925	0.00000000
7.353677	0.00000000
7.357429	0.00000000
7.361181	0.00000000
7.364932	0.00000000
7.368684	0.00000000
7.372436	0.00000000
7.376188	0.00000000
7.379940	0.00000000
7.383692	0.00000000
7.387444	0.00000000
7.391196	0.00000000
7.394947	0.00000000
7.398699	0.00000000
7.402451	0.00000000
7.406203	0.00000000
7.409955	0.00000000
7.413707	0.00000000
7.417459	0.00000000
7.421211	0.00000000
7.424962	0.00000000
7.428714	0.00000000
7.432466	0.00000000
7.436218	0.00000000
7.439970	0.00000000
7.443722	0.00000000
7.447474	0.00000000
7.451226	0.00000000
7.454977	0.00000000
7.458729	0.00000000
7.462481	0.00000000
7.466233	0.00000000
7.469985	0.00000000
7.473737	0.00000000
7.477489	0.00000000
7.481241	0.00000000
7.484992	0.00000000
7.488744	0.00000000
7.492496	0.00000000
7.496248	0.00000000
7.500000	0.00000000
