0.000000	0.00002814
0.003752	0.00003634
0.007504	0.00004668
0.011256	0.00005963
0.015008	0.00007577
0.018759	0.00009576
0.022511	0.00012037
0.026263	0.00015050
0.030015	0.00018715
0.033767	0.00023149
0.037519	0.00028480
0.041271	0.00034851
0.045023	0.00042421
0.048774	0.00051360
0.052526	0.00061853
0.056278	0.00074095
0.060030	0.00088291
0.063782	0.00104650
0.067534	0.00123388
0.071286	0.00144717
0.075038	0.00168842
0.078789	0.00195957
0.082541	0.00226240
0.086293	0.00259843
0.090045	0.00296885
0.093797	0.00337449
0.097549	0.00381572
0.101301	0.00429239
0.105053	0.00480377
0.108804	0.00534849
0.112556	0.00592452
0.116308	0.00652910
0.120060	0.00715877
0.123812	0.00780935
0.127564	0.00847598
0.131316	0.00915314
0.135068	0.00983472
0.138819	0.01051413
0.142571	0.01118437
0.146323	0.01183817
0.150075	0.01246811
0.153827	0.01306680
0.157579	0.01362698
0.161331	0.01414172
0.165083	0.01460458
0.168834	0.01500973
0.172586	0.01535214
0.176338	0.01562768
0.180090	0.01583323
0.183842	0.01596679
0.187594	0.01602755
0.191346	0.01601592
0.195098	0.01593355
0.198849	0.01578330
0.202601	0.01556922
0.206353	0.01529650
0.210105	0.01497131
0.213857	0.01460076
0.217609	0.01419269
0.221361	0.01375557
0.225113	0.01329832
0.228864	0.01283010
0.232616	0.01236017
0.236368	0.01189768
0.240120	0.01145151
0.243872	0.01103008
0.247624	0.01064119
0.251376	0.01029188
0.255128	0.00998831
0.258879	0.00973564
0.262631	0.00953795
0.266383	0.00939818
0.270135	0.00931813
0.273887	0.00929842
0.277639	0.00933857
0.281391	0.00943701
0.285143	0.00959123
0.288894	0.00979784
0.292646	0.01005275
0.296398	0.01035135
0.300150	0.01068864
0.303902	0.01105947
0.307654	0.01145873
0.311406	0.01188155
0.315158	0.01232348
0.318909	0.01278069
0.322661	0.01325012
0.326413	0.01372964
0.330165	0.01421809
0.333917	0.01471541
0.337669	0.01522262
0.341421	0.01574182
0.345173	0.01627608
0.348924	0.01682940
0.352676	0.01740649
0.356428	0.01801261
0.360180	0.01865337
0.363932	0.01933443
0.367684	0.02006129
0.371436	0.02083900
0.375188	0.02167189
0.378939	0.02256335
0.382691	0.02351558
0.386443	0.02452940
0.390195	0.02560411
0.393947	0.02673737
0.397699	0.02792512
0.401451	0.02916163
0.405203	0.03043951
0.408954	0.03174984
0.412706	0.03308232
0.416458	0.03442547
0.420210	0.03576689
0.423962	0.03709355
0.427714	0.03839207
0.431466	0.03964909
0.435218	0.04085155
0.438969	0.04198704
0.442721	0.04304414
0.446473	0.04401267
0.450225	0.04488399
0.453977	0.04565120
0.457729	0.04630933
0.461481	0.04685547
0.465233	0.04728886
0.468984	0.04761089
0.472736	0.04782507
0.476488	0.04793699
0.480240	0.04795410
0.483992	0.04788558
0.487744	0.04774209
0.491496	0.04753551
0.495248	0.04727863
0.498999	0.04698483
0.502751	0.04666775
0.506503	0.04634097
0.510255	0.04601763
0.514007	0.04571018
0.517759	0.04543003
0.521511	0.04518731
0.525263	0.04499061
0.529015	0.04484687
0.532766	0.04476114
0.536518	0.04473658
0.540270	0.04477438
0.544022	0.04487380
0.547774	0.04503220
0.551526	0.04524522
0.555278	0.04550689
0.559030	0.04580984
0.562781	0.04614554
0.566533	0.04650456
0.570285	0.04687681
0.574037	0.04725185
0.577789	0.04761916
0.581541	0.04796841
0.585293	0.04828971
0.589045	0.04857386
0.592796	0.04881253
0.596548	0.04899847
0.600300	0.04912561
0.604052	0.04918918
0.607804	0.04918578
0.611556	0.04911339
0.615308	0.04897135
0.619060	0.04876033
0.622811	0.04848223
0.626563	0.04814010
0.630315	0.04773798
0.634067	0.04728082
0.637819	0.04677425
0.641571	0.04622447
0.645323	0.04563810
0.649075	0.04502201
0.652826	0.04438319
0.656578	0.04372862
0.660330	0.04306515
0.664082	0.04239941
0.667834	0.04173776
0.671586	0.04108617
0.675338	0.04045025
0.679090	0.03983517
0.682841	0.03924569
0.686593	0.03868616
0.690345	0.03816050
0.694097	0.03767230
0.697849	0.03722478
0.701601	0.03682087
0.705353	0.03646326
0.709105	0.03615440
0.712856	0.03589658
0.716608	0.03569196
0.720360	0.03554257
0.724112	0.03545036
0.727864	0.03541722
0.731616	0.03544493
0.735368	0.03553522
0.739120	0.03568964
0.742871	0.03590962
0.746623	0.03619632
0.750375	0.03655061
0.754127	0.03697293
0.757879	0.03746321
0.761631	0.03802076
0.765383	0.03864410
0.769135	0.03933090
0.772886	0.04007779
0.776638	0.04088031
0.780390	0.04173278
0.784142	0.04262825
0.787894	0.04355845
0.791646	0.04451382
0.795398	0.04548349
0.799150	0.04645545
0.802901	0.04741660
0.806653	0.04835299
0.810405	0.04925003
0.814157	0.05009274
0.817909	0.05086607
0.821661	0.05155524
0.825413	0.05214609
0.829165	0.05262539
0.832916	0.05298129
0.836668	0.05320357
0.840420	0.05328404
0.844172	0.05321676
0.847924	0.05299832
0.851676	0.05262798
0.855428	0.05210785
0.859180	0.05144290
0.862931	0.05064097
0.866683	0.04971269
0.870435	0.04867136
0.874187	0.04753269
0.877939	0.04631459
0.881691	0.04503687
0.885443	0.04372082
0.889195	0.04238888
0.892946	0.04106423
0.896698	0.03977034
0.900450	0.03853057
0.904202	0.03736771
0.907954	0.03630360
0.911706	0.03535871
0.915458	0.03455179
0.919210	0.03389951
0.922961	0.03341618
0.926713	0.03311345
0.930465	0.03300016
0.934217	0.03308210
0.937969	0.03336197
0.941721	0.03383923
0.945473	0.03451020
0.949225	0.03536804
0.952976	0.03640288
0.956728	0.03760201
0.960480	0.03895010
0.964232	0.04042947
0.967984	0.04202044
0.971736	0.04370171
0.975488	0.04545078
0.979240	0.04724439
0.982991	0.04905901
0.986743	0.05087133
0.990495	0.05265872
0.994247	0.05439976
0.997999	0.05607461
1.001751	0.05766551
1.005503	0.05915709
1.009255	0.06053666
1.013007	0.06179451
1.016758	0.06292396
1.020510	0.06392153
1.024262	0.06478683
1.028014	0.06552248
1.031766	0.06613392
1.035518	0.06662911
1.039270	0.06701815
1.043022	0.06731292
1.046773	0.06752656
1.050525	0.06767300
1.054277	0.06776646
1.058029	0.06782092
1.061781	0.06784965
1.065533	0.06786478
1.069285	0.06787692
1.073037	0.06789485
1.076788	0.06792530
1.080540	0.06797283
1.084292	0.06803978
1.088044	0.06812635
1.091796	0.06823075
1.095548	0.06834946
1.099300	0.06847754
1.103052	0.06860897
1.106803	0.06873713
1.110555	0.06885518
1.114307	0.06895649
1.118059	0.06903508
1.121811	0.06908598
1.125563	0.06910551
1.129315	0.06909154
1.133067	0.06904363
1.136818	0.06896307
1.140570	0.06885284
1.144322	0.06871748
1.148074	0.06856288
1.151826	0.06839595
1.155578	0.06822426
1.159330	0.06805566
1.163082	0.06789782
1.166833	0.06775783
1.170585	0.06764175
1.174337	0.06755429
1.178089	0.06749842
1.181841	0.06747520
1.185593	0.06748359
1.189345	0.06752039
1.193097	0.06758027
1.196848	0.06765592
1.200600	0.06773828
1.204352	0.06781681
1.208104	0.06787991
1.211856	0.06791534
1.215608	0.06791067
1.219360	0.06785377
1.223112	0.06773331
1.226863	0.06753920
1.230615	0.06726302
1.234367	0.06689838
1.238119	0.06644121
1.241871	0.06588997
1.245623	0.06524583
1.249375	0.06451265
1.253127	0.06369699
1.256878	0.06280797
1.260630	0.06185708
1.264382	0.06085789
1.268134	0.05982578
1.271886	0.05877752
1.275638	0.05773093
1.279390	0.05670442
1.283142	0.05571664
1.286893	0.05478605
1.290645	0.05393054
1.294397	0.05316709
1.298149	0.05251151
1.301901	0.05197811
1.305653	0.05157959
1.309405	0.05132680
1.313157	0.05122872
1.316908	0.05129238
1.320660	0.05152290
1.324412	0.05192350
1.328164	0.05249563
1.331916	0.05323907
1.335668	0.05415207
1.339420	0.05523151
1.343172	0.05647304
1.346923	0.05787124
1.350675	0.05941974
1.354427	0.06111134
1.358179	0.06293810
1.361931	0.06489137
1.365683	0.06696183
1.369435	0.06913948
1.373187	0.07141359
1.376938	0.07377263
1.380690	0.07620418
1.384442	0.07869488
1.388194	0.08123026
1.391946	0.08379472
1.395698	0.08637145
1.399450	0.08894239
1.403202	0.09148825
1.406953	0.09398858
1.410705	0.09642191
1.414457	0.09876590
1.418209	0.10099764
1.421961	0.10309392
1.425713	0.10503165
1.429465	0.10678826
1.433217	0.10834215
1.436968	0.10967322
1.440720	0.11076333
1.444472	0.11159684
1.448224	0.11216101
1.451976	0.11244649
1.455728	0.11244768
1.459480	0.11216297
1.463232	0.11159499
1.466983	0.11075072
1.470735	0.10964144
1.474487	0.10828269
1.478239	0.10669398
1.481991	0.10489851
1.485743	0.10292276
1.489495	0.10079593
1.493247	0.09854943
1.496998	0.09621619
1.500750	0.09383003
1.504502	0.09142495
1.508254	0.08903445
1.512006	0.08669087
1.515758	0.08442474
1.519510	0.08226422
1.523262	0.08023460
1.527014	0.07835784
1.530765	0.07665226
1.534517	0.07513228
1.538269	0.07380828
1.542021	0.07268655
1.545773	0.07176931
1.549525	0.07105492
1.553277	0.07053800
1.557029	0.07020980
1.560780	0.07005851
1.564532	0.07006968
1.568284	0.07022668
1.572036	0.07051112
1.575788	0.07090332
1.579540	0.07138284
1.583292	0.07192884
1.587044	0.07252056
1.590795	0.07313767
1.594547	0.07376063
1.598299	0.07437094
1.602051	0.07495140
1.605803	0.07548626
1.609555	0.07596135
1.613307	0.07636415
1.617059	0.07668381
1.620810	0.07691114
1.624562	0.07703856
1.628314	0.07706007
1.632066	0.07697112
1.635818	0.07676864
1.639570	0.07645090
1.643322	0.07601749
1.647074	0.07546937
1.650825	0.07480876
1.654577	0.07403931
1.658329	0.07316605
1.662081	0.07219552
1.665833	0.07113588
1.669585	0.06999694
1.673337	0.06879033
1.677089	0.06752951
1.680840	0.06622982
1.684592	0.06490851
1.688344	0.06358466
1.692096	0.06227909
1.695848	0.06101418
1.699600	0.05981365
1.703352	0.05870225
1.707104	0.05770538
1.710855	0.05684868
1.714607	0.05615759
1.718359	0.05565678
1.722111	0.05536968
1.725863	0.05531793
1.729615	0.05552083
1.733367	0.05599488
1.737119	0.05675325
1.740870	0.05780546
1.744622	0.05915698
1.748374	0.06080896
1.752126	0.06275813
1.755878	0.06499667
1.759630	0.06751225
1.763382	0.07028818
1.767134	0.07330359
1.770885	0.07653382
1.774637	0.07995075
1.778389	0.08352335
1.782141	0.08721817
1.785893	0.09099997
1.789645	0.09483232
1.793397	0.09867827
1.797149	0.10250098
1.800900	0.10626436
1.804652	0.10993365
1.808404	0.11347600
1.812156	0.11686094
1.815908	0.12006084
1.819660	0.12305121
1.823412	0.12581103
1.827164	0.12832285
1.830915	0.13057298
1.834667	0.13255142
1.838419	0.13425184
1.842171	0.13567144
1.845923	0.13681071
1.849675	0.13767325
1.853427	0.13826541
1.857179	0.13859602
1.860930	0.13867606
1.864682	0.13851830
1.868434	0.13813701
1.872186	0.13754764
1.875938	0.13676655
1.879690	0.13581076
1.883442	0.13469775
1.887194	0.13344526
1.890945	0.13207120
1.894697	0.13059348
1.898449	0.12903000
1.902201	0.12739853
1.905953	0.12571672
1.909705	0.12400200
1.913457	0.12227159
1.917209	0.12054244
1.920960	0.11883112
1.924712	0.11715378
1.928464	0.11552601
1.932216	0.11396274
1.935968	0.11247803
1.939720	0.11108495
1.943472	0.10979535
1.947224	0.10861971
1.950975	0.10756689
1.954727	0.10664402
1.958479	0.10585633
1.962231	0.10520696
1.965983	0.10469698
1.969735	0.10432525
1.973487	0.10408847
1.977239	0.10398122
1.980990	0.10399605
1.984742	0.10412364
1.988494	0.10435297
1.992246	0.10467152
1.995998	0.10506555
1.999750	0.10552034
2.003502	0.10602045
2.007254	0.10655002
2.011006	0.10709300
2.014757	0.10763346
2.018509	0.10815577
2.022261	0.10864490
2.026013	0.10908656
2.029765	0.10946746
2.033517	0.10977544
2.037269	0.10999969
2.041021	0.11013088
2.044772	0.11016133
2.048524	0.11008515
2.052276	0.10989842
2.056028	0.10959927
2.059780	0.10918808
2.063532	0.10866752
2.067284	0.10804271
2.071036	0.10732119
2.074787	0.10651304
2.078539	0.10563073
2.082291	0.10468911
2.086043	0.10370524
2.089795	0.10269812
2.093547	0.10168842
2.097299	0.10069810
2.101051	0.09975000
2.104802	0.09886729
2.108554	0.09807297
2.112306	0.09738927
2.116058	0.09683708
2.119810	0.09643536
2.123562	0.09620056
2.127314	0.09614613
2.131066	0.09628208
2.134817	0.09661455
2.138569	0.09714563
2.142321	0.09787313
2.146073	0.09879055
2.149825	0.09988717
2.153577	0.10114823
2.157329	0.10255524
2.161081	0.10408639
2.164832	0.10571703
2.168584	0.10742028
2.172336	0.10916757
2.176088	0.11092940
2.179840	0.11267590
2.183592	0.11437758
2.187344	0.11600587
2.191096	0.11753376
2.194847	0.11893628
2.198599	0.12019099
2.202351	0.12127828
2.206103	0.12218171
2.209855	0.12288816
2.213607	0.12338796
2.217359	0.12367493
2.221111	0.12374629
2.224862	0.12360261
2.228614	0.12324765
2.232366	0.12268814
2.236118	0.12193361
2.239870	0.12099612
2.243622	0.11989004
2.247374	0.11863184
2.251126	0.11723980
2.254877	0.11573385
2.258629	0.11413534
2.262381	0.11246685
2.266133	0.11075197
2.269885	0.10901517
2.273637	0.10728160
2.277389	0.10557688
2.281141	0.10392690
2.284892	0.10235768
2.288644	0.10089504
2.292396	0.09956443
2.296148	0.09839063
2.299900	0.09739750
2.303652	0.09660764
2.307404	0.09604213
2.311156	0.09572017
2.314907	0.09565886
2.318659	0.09587280
2.322411	0.09637391
2.326163	0.09717113
2.329915	0.09827022
2.333667	0.09967361
2.337419	0.10138024
2.341171	0.10338551
2.344922	0.10568126
2.348674	0.10825580
2.352426	0.11109401
2.356178	0.11417748
2.359930	0.11748473
2.363682	0.12099144
2.367434	0.12467077
2.371186	0.12849370
2.374937	0.13242940
2.378689	0.13644564
2.382441	0.14050925
2.386193	0.14458650
2.389945	0.14864364
2.393697	0.15264728
2.397449	0.15656491
2.401201	0.16036526
2.404952	0.16401874
2.408704	0.16749781
2.412456	0.17077730
2.416208	0.17383470
2.419960	0.17665040
2.423712	0.17920782
2.427464	0.18149359
2.431216	0.18349752
2.434967	0.18521265
2.438719	0.18663517
2.442471	0.18776426
2.446223	0.18860196
2.449975	0.18915293
2.453727	0.18942419
2.457479	0.18942487
2.461231	0.18916590
2.464982	0.18865974
2.468734	0.18792002
2.472486	0.18696133
2.476238	0.18579889
2.479990	0.18444836
2.483742	0.18292557
2.487494	0.18124637
2.491246	0.17942649
2.494997	0.17748139
2.498749	0.17542623
2.502501	0.17327577
2.506253	0.17104441
2.510005	0.16874614
2.513757	0.16639463
2.517509	0.16400325
2.521261	0.16158517
2.525013	0.15915336
2.528764	0.15672078
2.532516	0.15430036
2.536268	0.15190514
2.540020	0.14954828
2.543772	0.14724317
2.547524	0.14500342
2.551276	0.14284288
2.555028	0.14077566
2.558779	0.13881601
2.562531	0.13697832
2.566283	0.13527700
2.570035	0.13372627
2.573787	0.13234010
2.577539	0.13113188
2.581291	0.13011428
2.585043	0.12929893
2.588794	0.12869614
2.592546	0.12831463
2.596298	0.12816120
2.600050	0.12824047
2.603802	0.12855455
2.607554	0.12910287
2.611306	0.12988190
2.615058	0.13088505
2.618809	0.13210256
2.622561	0.13352151
2.626313	0.13512585
2.630065	0.13689658
2.633817	0.13881200
2.637569	0.14084799
2.641321	0.14297846
2.645073	0.14517575
2.648824	0.14741124
2.652576	0.14965583
2.656328	0.15188058
2.660080	0.15405725
2.663832	0.15615890
2.667584	0.15816035
2.671336	0.16003874
2.675088	0.16177379
2.678839	0.16334818
2.682591	0.16474772
2.686343	0.16596137
2.690095	0.16698130
2.693847	0.16780269
2.697599	0.16842353
2.701351	0.16884432
2.705103	0.16906768
2.708854	0.16909798
2.712606	0.16894088
2.716358	0.16860293
2.720110	0.16809119
2.723862	0.16741287
2.727614	0.16657512
2.731366	0.16558480
2.735118	0.16444845
2.738869	0.16317230
2.742621	0.16176240
2.746373	0.16022485
2.750125	0.15856614
2.753877	0.15679354
2.757629	0.15491550
2.761381	0.15294217
2.765133	0.15088585
2.768884	0.14876143
2.772636	0.14658681
2.776388	0.14438317
2.780140	0.14217523
2.783892	0.13999130
2.787644	0.13786327
2.791396	0.13582639
2.795148	0.13391891
2.798899	0.13218159
2.802651	0.13065707
2.806403	0.12938904
2.810155	0.12842135
2.813907	0.12779705
2.817659	0.12755729
2.821411	0.12774025
2.825163	0.12838004
2.828914	0.12950566
2.832666	0.13114001
2.836418	0.13329901
2.840170	0.13599086
2.843922	0.13921550
2.847674	0.14296418
2.851426	0.14721932
2.855178	0.15195456
2.858929	0.15713502
2.862681	0.16271780
2.866433	0.16865268
2.870185	0.17488304
2.873937	0.18134692
2.877689	0.18797825
2.881441	0.19470812
2.885193	0.20146625
2.888944	0.20818232
2.892696	0.21478741
2.896448	0.22121529
2.900200	0.22740372
2.903952	0.23329551
2.907704	0.23883945
2.911456	0.24399111
2.915208	0.24871336
2.918959	0.25297673
2.922711	0.25675954
2.926463	0.26004781
2.930215	0.26283505
2.933967	0.26512178
2.937719	0.26691501
2.941471	0.26822752
2.945223	0.26907716
2.948974	0.26948595
2.952726	0.26947935
2.956478	0.26908541
2.960230	0.26833400
2.963982	0.26725611
2.967734	0.26588322
2.971486	0.26424679
2.975238	0.26237776
2.978989	0.26030628
2.982741	0.25806142
2.986493	0.25567103
2.990245	0.25316165
2.993997	0.25055851
2.997749	0.24788554
3.001501	0.24516548
3.005253	0.24241995
3.009005	0.23966957
3.012756	0.23693405
3.016508	0.23423231
3.020260	0.23158253
3.024012	0.22900221
3.027764	0.22650821
3.031516	0.22411669
3.035268	0.22184314
3.039020	0.21970223
3.042771	0.21770778
3.046523	0.21587258
3.050275	0.21420829
3.054027	0.21272527
3.057779	0.21143243
3.061531	0.21033704
3.065283	0.20944462
3.069035	0.20875877
3.072786	0.20828110
3.076538	0.20801112
3.080290	0.20794623
3.084042	0.20808170
3.087794	0.20841080
3.091546	0.20892482
3.095298	0.20961332
3.099050	0.21046433
3.102801	0.21146460
3.106553	0.21259996
3.110305	0.21385564
3.114057	0.21521664
3.117809	0.21666811
3.121561	0.21819575
3.125313	0.21978611
3.129065	0.22142693
3.132816	0.22310739
3.136568	0.22481828
3.140320	0.22655216
3.144072	0.22830334
3.147824	0.23006787
3.151576	0.23184336
3.155328	0.23362883
3.159080	0.23542436
3.162831	0.23723080
3.166583	0.23904938
3.170335	0.24088135
3.174087	0.24272756
3.177839	0.24458815
3.181591	0.24646223
3.185343	0.24834763
3.189095	0.25024079
3.192846	0.25213664
3.196598	0.25402872
3.200350	0.25590927
3.204102	0.25776952
3.207854	0.25960000
3.211606	0.26139100
3.215358	0.26313301
3.219110	0.26481725
3.222861	0.26643621
3.226613	0.26798414
3.230365	0.26945754
3.234117	0.27085555
3.237869	0.27218029
3.241621	0.27343709
3.245373	0.27463458
3.249125	0.27578465
3.252876	0.27690235
3.256628	0.27800556
3.260380	0.27911466
3.264132	0.28025200
3.267884	0.28144135
3.271636	0.28270727
3.275388	0.28407448
3.279140	0.28556713
3.282891	0.28720822
3.286643	0.28901897
3.290395	0.29101832
3.294147	0.29322244
3.297899	0.29564443
3.301651	0.29829413
3.305403	0.30117794
3.309155	0.30429891
3.312906	0.30765684
3.316658	0.31124849
3.320410	0.31506795
3.324162	0.31910699
3.327914	0.32335547
3.331666	0.32780185
3.335418	0.33243362
3.339170	0.33723770
3.342921	0.34220093
3.346673	0.34731034
3.350425	0.35255349
3.354177	0.35791865
3.357929	0.36339501
3.361681	0.36897273
3.365433	0.37464295
3.369185	0.38039785
3.372936	0.38623052
3.376688	0.39213493
3.380440	0.39810590
3.384192	0.40413900
3.387944	0.41023059
3.391696	0.41637783
3.395448	0.42257877
3.399200	0.42883253
3.402951	0.43513948
3.406703	0.44150154
3.410455	0.44792245
3.414207	0.45440814
3.417959	0.46096711
3.421711	0.46761070
3.425463	0.47435350
3.429215	0.48121356
3.432966	0.48821262
3.436718	0.49537618
3.440470	0.50273356
3.444222	0.51031772
3.447974	0.51816503
3.451726	0.52631496
3.455478	0.53480952
3.459230	0.54369267
3.462981	0.55300966
3.466733	0.56280623
3.470485	0.57312772
3.474237	0.58401826
3.477989	0.59551982
3.481741	0.60767130
3.485493	0.62050771
3.489245	0.63405926
3.492996	0.64835060
3.496748	0.66340010
3.500500	0.67921916
3.504252	0.69581168
3.508004	0.71317344
3.511756	0.73129176
3.515508	0.75014502
3.519260	0.76970241
3.523012	0.78992364
3.526763	0.81075876
3.530515	0.83214801
3.534267	0.85402181
3.538019	0.87630073
3.541771	0.89889566
3.545523	0.92170802
3.549275	0.94463015
3.553027	0.96754577
3.556778	0.99033074
3.560530	1.01285389
3.564282	1.03497809
3.568034	1.05656160
3.571786	1.07745951
3.575538	1.09752553
3.579290	1.11661389
3.583042	1.13458150
3.586793	1.15129014
3.590545	1.16660892
3.594297	1.18041666
3.598049	1.19260432
3.601801	1.20307739
3.605553	1.21175807
3.609305	1.21858730
3.613057	1.22352646
3.616808	1.22655875
3.620560	1.22769011
3.624312	1.22694970
3.628064	1.22438990
3.631816	1.22008569
3.635568	1.21413355
3.639320	1.20664983
3.643072	1.19776858
3.646823	1.18763892
3.650575	1.17642204
3.654327	1.16428783
3.658079	1.15141133
3.661831	1.13796904
3.665583	1.12413515
3.669335	1.11007797
3.673087	1.09595643
3.676838	1.08191700
3.680590	1.06809094
3.684342	1.05459205
3.688094	1.04151495
3.691846	1.02893397
3.695598	1.01690264
3.699350	1.00545384
3.703102	0.99460046
3.706853	0.98433673
3.710605	0.97463996
3.714357	0.96547277
3.718109	0.95678559
3.721861	0.94851945
3.725613	0.94060883
3.729365	0.93298459
3.733117	0.92557673
3.736868	0.91831697
3.740620	0.91114112
3.744372	0.90399099
3.748124	0.89681593
3.751876	0.88957390
3.755628	0.88223210
3.759380	0.87476709
3.763132	0.86716451
3.766883	0.85941838
3.770635	0.85153006
3.774387	0.84350690
3.778139	0.83536082
3.781891	0.82710662
3.785643	0.81876037
3.789395	0.81033785
3.793147	0.80185307
3.796898	0.79331700
3.800650	0.78473658
3.804402	0.77611394
3.808154	0.76744597
3.811906	0.75872416
3.815658	0.74993479
3.819410	0.74105928
3.823162	0.73207493
3.826913	0.72295573
3.830665	0.71367339
3.834417	0.70419849
3.838169	0.69450164
3.841921	0.68455466
3.845673	0.67433173
3.849425	0.66381053
3.853177	0.65297312
3.856928	0.64180685
3.860680	0.63030502
3.864432	0.61846743
3.868184	0.60630069
3.871936	0.59381845
3.875688	0.58104136
3.879440	0.56799695
3.883192	0.55471928
3.886943	0.54124849
3.890695	0.52763018
3.894447	0.51391467
3.898199	0.50015615
3.901951	0.48641174
3.905703	0.47274048
3.909455	0.45920222
3.913207	0.44585657
3.916958	0.43276172
3.920710	0.41997338
3.924462	0.40754377
3.928214	0.39552059
3.931966	0.38394624
3.935718	0.37285706
3.939470	0.36228283
3.943222	0.35224635
3.946973	0.34276328
3.950725	0.33384217
3.954477	0.32548469
3.958229	0.31768600
3.961981	0.31043535
3.965733	0.30371678
3.969485	0.29750997
3.973237	0.29179112
3.976988	0.28653388
3.980740	0.28171031
3.984492	0.27729174
3.988244	0.27324958
3.991996	0.26955600
3.995748	0.26618451
3.999500	0.26311032
4.003252	0.26031059
4.007004	0.25776451
4.010755	0.25545320
4.014507	0.25335952
4.018259	0.25146774
4.022011	0.24976312
4.025763	0.24823145
4.029515	0.24685860
4.033267	0.24563008
4.037019	0.24453058
4.040770	0.24354370
4.044522	0.24265166
4.048274	0.24183522
4.052026	0.24107362
4.055778	0.24034473
4.059530	0.23962521
4.063282	0.23889086
4.067034	0.23811698
4.070785	0.23727883
4.074537	0.23635212
4.078289	0.23531350
4.082041	0.23414104
4.085793	0.23281471
4.089545	0.23131678
4.093297	0.22963220
4.097049	0.22774887
4.100800	0.22565790
4.104552	0.22335372
4.108304	0.22083420
4.112056	0.21810069
4.115808	0.21515794
4.119560	0.21201409
4.123312	0.20868056
4.127064	0.20517187
4.130815	0.20150555
4.134567	0.19770196
4.138319	0.19378405
4.142071	0.18977722
4.145823	0.18570906
4.149575	0.18160909
4.153327	0.17750845
4.157079	0.17343960
4.160830	0.16943593
4.164582	0.16553130
4.168334	0.16175957
4.172086	0.15815407
4.175838	0.15474706
4.179590	0.15156906
4.183342	0.14864832
4.187094	0.14601012
4.190845	0.14367628
4.194597	0.14166454
4.198349	0.13998814
4.202101	0.13865545
4.205853	0.13766969
4.209605	0.13702878
4.213357	0.13672540
4.217109	0.13674705
4.220860	0.13707642
4.224612	0.13769176
4.228364	0.13856744
4.232116	0.13967460
4.235868	0.14098182
4.239620	0.14245594
4.243372	0.14406281
4.247124	0.14576806
4.250875	0.14753784
4.254627	0.14933947
4.258379	0.15114201
4.262131	0.15291672
4.265883	0.15463737
4.269635	0.15628052
4.273387	0.15782555
4.277139	0.15925469
4.280890	0.16055288
4.284642	0.16170757
4.288394	0.16270850
4.292146	0.16354739
4.295898	0.16421763
4.299650	0.16471406
4.303402	0.16503266
4.307154	0.16517040
4.310905	0.16512508
4.314657	0.16489529
4.318409	0.16448037
4.322161	0.16388054
4.325913	0.16309697
4.329665	0.16213193
4.333417	0.16098903
4.337169	0.15967334
4.340920	0.15819159
4.344672	0.15655230
4.348424	0.15476585
4.352176	0.15284452
4.355928	0.15080243
4.359680	0.14865542
4.363432	0.14642083
4.367184	0.14411727
4.370935	0.14176426
4.374687	0.13938186
4.378439	0.13699031
4.382191	0.13460956
4.385943	0.13225886
4.389695	0.12995644
4.393447	0.12771907
4.397199	0.12556182
4.400950	0.12349782
4.404702	0.12153805
4.408454	0.11969129
4.412206	0.11796405
4.415958	0.11636063
4.419710	0.11488324
4.423462	0.11353208
4.427214	0.11230563
4.430965	0.11120076
4.434717	0.11021307
4.438469	0.10933708
4.442221	0.10856650
4.445973	0.10789445
4.449725	0.10731370
4.453477	0.10681687
4.457229	0.10639659
4.460980	0.10604570
4.464732	0.10575730
4.468484	0.10552494
4.472236	0.10534262
4.475988	0.10520489
4.479740	0.10510690
4.483492	0.10504436
4.487244	0.10501359
4.490995	0.10501149
4.494747	0.10503550
4.498499	0.10508357
4.502251	0.10515408
4.506003	0.10524580
4.509755	0.10535777
4.513507	0.10548925
4.517259	0.10563954
4.521011	0.10580794
4.524762	0.10599359
4.528514	0.10619535
4.532266	0.10641169
4.536018	0.10664056
4.539770	0.10687928
4.543522	0.10712448
4.547274	0.10737200
4.551026	0.10761686
4.554777	0.10785325
4.558529	0.10807458
4.562281	0.10827350
4.566033	0.10844201
4.569785	0.10857163
4.573537	0.10865354
4.577289	0.10867877
4.581041	0.10863850
4.584792	0.10852422
4.588544	0.10832804
4.592296	0.10804292
4.596048	0.10766291
4.599800	0.10718336
4.603552	0.10660112
4.607304	0.10591465
4.611056	0.10512411
4.614807	0.10423140
4.618559	0.10324012
4.622311	0.10215547
4.626063	0.10098412
4.629815	0.09973402
4.633567	0.09841412
4.637319	0.09703419
4.641071	0.09560445
4.644822	0.09413537
4.648574	0.09263736
4.652326	0.09112057
4.656078	0.08959467
4.659830	0.08806872
4.663582	0.08655108
4.667334	0.08504941
4.671086	0.08357067
4.674837	0.08212126
4.678589	0.08070711
4.682341	0.07933390
4.686093	0.07800726
4.689845	0.07673293
4.693597	0.07551703
4.697349	0.07436616
4.701101	0.07328754
4.704852	0.07228909
4.708604	0.07137942
4.712356	0.07056773
4.716108	0.06986366
4.719860	0.06927708
4.723612	0.06881773
4.727364	0.06849494
4.731116	0.06831715
4.734867	0.06829157
4.738619	0.06842371
4.742371	0.06871701
4.746123	0.06917248
4.749875	0.06978845
4.753627	0.07056032
4.757379	0.07148052
4.761131	0.07253849
4.764882	0.07372079
4.768634	0.07501139
4.772386	0.07639194
4.776138	0.07784228
4.779890	0.07934089
4.783642	0.08086548
4.787394	0.08239360
4.791146	0.08390320
4.794897	0.08537326
4.798649	0.08678428
4.802401	0.08811877
4.806153	0.08936162
4.809905	0.09050038
4.813657	0.09152538
4.817409	0.09242984
4.821161	0.09320975
4.824912	0.09386374
4.828664	0.09439274
4.832416	0.09479971
4.836168	0.09508921
4.839920	0.09526697
4.843672	0.09533942
4.847424	0.09531332
4.851176	0.09519529
4.854927	0.09499153
4.858679	0.09470749
4.862431	0.09434771
4.866183	0.09391566
4.869935	0.09341374
4.873687	0.09284329
4.877439	0.09220472
4.881191	0.09149768
4.884942	0.09072129
4.888694	0.08987436
4.892446	0.08895570
4.896198	0.08796435
4.899950	0.08689988
4.903702	0.08576257
4.907454	0.08455363
4.911206	0.08327535
4.914957	0.08193118
4.918709	0.08052582
4.922461	0.07906519
4.926213	0.07755640
4.929965	0.07600770
4.933717	0.07442834
4.937469	0.07282843
4.941221	0.07121882
4.944972	0.06961090
4.948724	0.06801647
4.952476	0.06644756
4.956228	0.06491624
4.959980	0.06343453
4.963732	0.06201423
4.967484	0.06066677
4.971236	0.05940314
4.974987	0.05823376
4.978739	0.05716841
4.982491	0.05621610
4.986243	0.05538504
4.989995	0.05468256
4.993747	0.05411503
4.997499	0.05368782
5.001251	0.05340524
5.005003	0.05327050
5.008754	0.05328566
5.012506	0.05345163
5.016258	0.05376809
5.020010	0.05423352
5.023762	0.05484516
5.027514	0.05559902
5.031266	0.05648987
5.035018	0.05751125
5.038769	0.05865548
5.042521	0.05991368
5.046273	0.06127575
5.050025	0.06273045
5.053777	0.06426537
5.057529	0.06586698
5.061281	0.06752070
5.065033	0.06921088
5.068784	0.07092094
5.072536	0.07263342
5.076288	0.07433010
5.080040	0.07599213
5.083792	0.07760024
5.087544	0.07913487
5.091296	0.08057652
5.095048	0.08190593
5.098799	0.08310443
5.102551	0.08415429
5.106303	0.08503904
5.110055	0.08574386
5.113807	0.08625593
5.117559	0.08656477
5.121311	0.08666258
5.125063	0.08654451
5.128814	0.08620889
5.132566	0.08565738
5.136318	0.08489506
5.140070	0.08393043
5.143822	0.08277532
5.147574	0.08144472
5.151326	0.07995649
5.155078	0.07833106
5.158829	0.07659097
5.162581	0.07476042
5.166333	0.07286476
5.170085	0.07092992
5.173837	0.06898187
5.177589	0.06704611
5.181341	0.06514709
5.185093	0.06330779
5.188844	0.06154928
5.192596	0.05989038
5.196348	0.05834739
5.200100	0.05693388
5.203852	0.05566058
5.207604	0.05453536
5.211356	0.05356327
5.215108	0.05274662
5.218859	0.05208516
5.222611	0.05157629
5.226363	0.05121530
5.230115	0.05099560
5.233867	0.05090903
5.237619	0.05094613
5.241371	0.05109638
5.245123	0.05134848
5.248874	0.05169056
5.252626	0.05211040
5.256378	0.05259564
5.260130	0.05313389
5.263882	0.05371292
5.267634	0.05432074
5.271386	0.05494573
5.275138	0.05557673
5.278889	0.05620307
5.282641	0.05681468
5.286393	0.05740211
5.290145	0.05795662
5.293897	0.05847016
5.297649	0.05893547
5.301401	0.05934606
5.305153	0.05969625
5.308904	0.05998120
5.312656	0.06019690
5.316408	0.06034016
5.320160	0.06040864
5.323912	0.06040080
5.327664	0.06031591
5.331416	0.06015399
5.335168	0.05991579
5.338919	0.05960278
5.342671	0.05921708
5.346423	0.05876140
5.350175	0.05823908
5.353927	0.05765395
5.357679	0.05701037
5.361431	0.05631313
5.365183	0.05556744
5.368934	0.05477889
5.372686	0.05395336
5.376438	0.05309703
5.380190	0.05221626
5.383942	0.05131759
5.387694	0.05040759
5.391446	0.04949288
5.395198	0.04857996
5.398949	0.04767518
5.402701	0.04678460
5.406453	0.04591396
5.410205	0.04506854
5.413957	0.04425309
5.417709	0.04347177
5.421461	0.04272808
5.425213	0.04202483
5.428964	0.04136407
5.432716	0.04074716
5.436468	0.04017471
5.440220	0.03964667
5.443972	0.03916236
5.447724	0.03872057
5.451476	0.03831962
5.455228	0.03795749
5.458979	0.03763191
5.462731	0.03734050
5.466483	0.03708082
5.470235	0.03685054
5.473987	0.03664747
5.477739	0.03646965
5.481491	0.03631540
5.485243	0.03618333
5.488994	0.03607238
5.492746	0.03598177
5.496498	0.03591097
5.500250	0.03585964
5.504002	0.03582759
5.507754	0.03581465
5.511506	0.03582059
5.515258	0.03584509
5.519010	0.03588758
5.522761	0.03594721
5.526513	0.03602275
5.530265	0.03611260
5.534017	0.03621471
5.537769	0.03632659
5.541521	0.03644531
5.545273	0.03656760
5.549025	0.03668981
5.552776	0.03680807
5.556528	0.03691834
5.560280	0.03701650
5.564032	0.03709854
5.567784	0.03716059
5.571536	0.03719911
5.575288	0.03721095
5.579040	0.03719351
5.582791	0.03714481
5.586543	0.03706358
5.590295	0.03694929
5.594047	0.03680224
5.597799	0.03662355
5.601551	0.03641514
5.605303	0.03617971
5.609055	0.03592066
5.612806	0.03564205
5.616558	0.03534843
5.620310	0.03504477
5.624062	0.03473628
5.627814	0.03442828
5.631566	0.03412603
5.635318	0.03383455
5.639070	0.03355850
5.642821	0.03330201
5.646573	0.03306852
5.650325	0.03286071
5.654077	0.03268034
5.657829	0.03252827
5.661581	0.03240433
5.665333	0.03230738
5.669085	0.03223532
5.672836	0.03218516
5.676588	0.03215310
5.680340	0.03213466
5.684092	0.03212485
5.687844	0.03211833
5.691596	0.03210961
5.695348	0.03209323
5.699100	0.03206397
5.702851	0.03201707
5.706603	0.03194838
5.710355	0.03185452
5.714107	0.03173307
5.717859	0.03158258
5.721611	0.03140273
5.725363	0.03119429
5.729115	0.03095914
5.732866	0.03070019
5.736618	0.03042126
5.740370	0.03012700
5.744122	0.02982266
5.747874	0.02951392
5.751626	0.02920664
5.755378	0.02890670
5.759130	0.02861969
5.762881	0.02835074
5.766633	0.02810428
5.770385	0.02788390
5.774137	0.02769215
5.777889	0.02753046
5.781641	0.02739907
5.785393	0.02729699
5.789145	0.02722206
5.792896	0.02717100
5.796648	0.02713951
5.800400	0.02712248
5.804152	0.02711413
5.807904	0.02710827
5.811656	0.02709851
5.815408	0.02707854
5.819160	0.02704232
5.822911	0.02698441
5.826663	0.02690008
5.830415	0.02678559
5.834167	0.02663832
5.837919	0.02645685
5.841671	0.02624111
5.845423	0.02599232
5.849175	0.02571302
5.852926	0.02540700
5.856678	0.02507918
5.860430	0.02473543
5.864182	0.02438243
5.867934	0.02402743
5.871686	0.02367805
5.875438	0.02334200
5.879190	0.02302688
5.882941	0.02273993
5.886693	0.02248779
5.890445	0.02227635
5.894197	0.02211057
5.897949	0.02199430
5.901701	0.02193023
5.905453	0.02191980
5.909205	0.02196320
5.912956	0.02205934
5.916708	0.02220591
5.920460	0.02239950
5.924212	0.02263563
5.927964	0.02290893
5.931716	0.02321326
5.935468	0.02354188
5.939220	0.02388760
5.942971	0.02424294
5.946723	0.02460030
5.950475	0.02495211
5.954227	0.02529097
5.957979	0.02560979
5.961731	0.02590187
5.965483	0.02616105
5.969235	0.02638173
5.972986	0.02655897
5.976738	0.02668853
5.980490	0.02676690
5.984242	0.02679131
5.987994	0.02675976
5.991746	0.02667100
5.995498	0.02652451
5.999250	0.02632054
6.003002	0.02606002
6.006753	0.02574460
6.010505	0.02537658
6.014257	0.02495891
6.018009	0.02449518
6.021761	0.02398953
6.025513	0.02344670
6.029265	0.02287192
6.033017	0.02227092
6.036768	0.02164983
6.040520	0.02101520
6.044272	0.02037387
6.048024	0.01973292
6.051776	0.01909961
6.055528	0.01848125
6.059280	0.01788516
6.063032	0.01731849
6.066783	0.01678817
6.070535	0.01630075
6.074287	0.01586232
6.078039	0.01547836
6.081791	0.01515364
6.085543	0.01489211
6.089295	0.01469679
6.093047	0.01456971
6.096798	0.01451182
6.100550	0.01452295
6.104302	0.01460177
6.108054	0.01474581
6.111806	0.01495142
6.115558	0.01521389
6.119310	0.01552747
6.123062	0.01588544
6.126813	0.01628029
6.130565	0.01670380
6.134317	0.01714721
6.138069	0.01760138
6.141821	0.01805697
6.145573	0.01850463
6.149325	0.01893517
6.153077	0.01933979
6.156828	0.01971016
6.160580	0.02003871
6.164332	0.02031867
6.168084	0.02054428
6.171836	0.02071086
6.175588	0.02081493
6.179340	0.02085422
6.183092	0.02082774
6.186843	0.02073579
6.190595	0.02057991
6.194347	0.02036283
6.198099	0.02008841
6.201851	0.01976151
6.205603	0.01938790
6.209355	0.01897409
6.213107	0.01852719
6.216858	0.01805472
6.220610	0.01756450
6.224362	0.01706438
6.228114	0.01656218
6.231866	0.01606542
6.235618	0.01558124
6.239370	0.01511623
6.243122	0.01467631
6.246873	0.01426663
6.250625	0.01389145
6.254377	0.01355413
6.258129	0.01325707
6.261881	0.01300168
6.265633	0.01278838
6.269385	0.01261665
6.273137	0.01248508
6.276888	0.01239141
6.280640	0.01233261
6.284392	0.01230500
6.288144	0.01230434
6.291896	0.01232594
6.295648	0.01236478
6.299400	0.01241563
6.303152	0.01247315
6.306903	0.01253205
6.310655	0.01258715
6.314407	0.01263351
6.318159	0.01266652
6.321911	0.01268195
6.325663	0.01267606
6.329415	0.01264562
6.333167	0.01258797
6.336918	0.01250103
6.340670	0.01238333
6.344422	0.01223400
6.348174	0.01205273
6.351926	0.01183981
6.355678	0.01159602
6.359430	0.01132266
6.363182	0.01102142
6.366933	0.01069439
6.370685	0.01034399
6.374437	0.00997287
6.378189	0.00958389
6.381941	0.00918005
6.385693	0.00876441
6.389445	0.00834005
6.393197	0.00791003
6.396948	0.00747733
6.400700	0.00704480
6.404452	0.00661516
6.408204	0.00619091
6.411956	0.00577439
6.415708	0.00536769
6.419460	0.00497268
6.423212	0.00459097
6.426963	0.00422396
6.430715	0.00387278
6.434467	0.00353835
6.438219	0.00322134
6.441971	0.00292224
6.445723	0.00264131
6.449475	0.00237863
6.453227	0.00213412
6.456978	0.00190753
6.460730	0.00169849
6.464482	0.00150651
6.468234	0.00133098
6.471986	0.00117121
6.475738	0.00102645
6.479490	0.00089589
6.483242	0.00077868
6.486993	0.00067394
6.490745	0.00058080
6.494497	0.00049835
6.498249	0.00042572
6.502001	0.00036205
6.505753	0.00030652
6.509505	0.00025831
6.513257	0.00021668
6.517009	0.00018091
6.520760	0.00015033
6.524512	0.00012432
6.528264	0.00010231
6.532016	0.00008379
6.535768	0.00006829
6.539520	0.00005537
6.543272	0.00004468
6.547024	0.00003587
6.550775	0.00002865
6.554527	0.00002277
6.558279	0.00001800
6.562031	0.00001416
6.565783	0.00001107
6.569535	0.00000862
6.573287	0.00000667
6.577039	0.00000514
6.580790	0.00000394
6.584542	0.00000300
6.588294	0.00000227
6.592046	0.00000171
6.595798	0.00000129
6.599550	0.00000096
6.603302	0.00000071
6.607054	0.00000052
6.610805	0.00000038
6.614557	0.00000028
6.618309	0.00000020
6.622061	0.00000015
6.625813	0.00000011
6.629565	0.00000008
6.633317	0.00000005
6.637069	0.00000004
6.640820	0.00000003
6.644572	0.00000002
6.648324	0.00000001
6.652076	0.00000001
6.655828	0.00000001
6.659580	0.00000000
6.663332	0.00000000
6.667084	0.00000000
6.670835	0.00000000
6.674587	0.00000000
6.678339	0.00000000
6.682091	0.00000000
6.685843	0.00000000
6.689595	0.00000000
6.693347	0.00000000
6.697099	0.00000000
6.700850	0.00000000
6.704602	0.00000000
6.708354	0.00000000
6.712106	0.00000000
6.715858	0.00000000
6.719610	0.00000000
6.723362	0.00000000
6.727114	0.00000000
6.730865	0.00000000
6.734617	0.00000000
6.738369	0.00000000
6.742121	0.00000000
6.745873	0.00000000
6.749625	0.00000000
6.753377	0.00000000
6.757129	0.00000000
6.760880	0.00000000
6.764632	0.00000000
6.768384	0.00000000
6.772136	0.00000000
6.775888	0.00000000
6.779640	0.00000000
6.783392	0.00000000
6.787144	0.00000000
6.790895	0.00000000
6.794647	0.00000000
6.798399	0.00000000
6.802151	0.00000000
6.805903	0.00000000
6.809655	0.00000000
6.813407	0.00000000
6.817159	0.00000000
6.820910	0.00000000
6.824662	0.00000000
6.828414	0.00000000
6.832166	0.00000000
6.835918	0.00000000
6.839670	0.00000000
6.843422	0.00000000
6.847174	0.00000000
6.850925	0.00000000
6.854677	0.00000000
6.858429	0.00000000
6.862181	0.00000000
6.865933	0.00000000
6.869685	0.00000000
6.873437	0.00000000
6.877189	0.00000000
6.880940	0.00000000
6.884692	0.00000000
6.888444	0.00000000
6.892196	0.00000000
6.895948	0.00000000
6.899700	0.00000000
6.903452	0.00000000
6.907204	0.00000000
6.910955	0.00000000
6.914707	0.00000000
6.918459	0.00000000
6.922211	0.00000000
6.925963	0.00000000
6.929715	0.00000000
6.933467	0.00000000
6.937219	0.00000000
6.940970	0.00000000
6.944722	0.00000000
6.948474	0.00000000
6.952226	0.00000000
6.955978	0.00000000
6.959730	0.00000000
6.963482	0.00000000
6.967234	0.00000000
6.970985	0.00000000
6.974737	0.00000000
6.978489	0.00000000
6.982241	0.00000000
6.985993	0.00000000
6.989745	0.00000000
6.993497	0.00000000
6.997249	0.00000000
7.001001	0.00000000
7.004752	0.00000000
7.008504	0.00000000
7.012256	0.00000000
7.016008	0.00000000
7.019760	0.00000000
7.023512	0.00000000
7.027264	0.00000000
7.031016	0.00000000
7.034767	0.00000000
7.038519	0.00000000
7.042271	0.00000000
7.046023	0.00000000
7.049775	0.00000000
7.053527	0.00000000
7.057279	0.00000000
7.061031	0.00000000
7.064782	0.00000000
7.068534	0.00000000
7.072286	0.00000000
7.076038	0.00000000
7.079790	0.00000000
7.083542	0.00000000
7.087294	0.00000000
7.091046	0.00000000
7.094797	0.00000000
7.098549	0.00000000
7.102301	0.00000000
7.106053	0.00000000
7.109805	0.00000000
7.113557	0.00000000
7.117309	0.00000000
7.121061	0.00000000
7.124812	0.00000000
7.128564	0.00000000
7.132316	0.00000000
7.136068	0.00000000
7.139820	0.00000000
7.143572	0.00000000
7.147324	0.00000000
7.151076	0.00000000
7.154827	0.00000000
7.158579	0.00000000
7.162331	0.00000000
7.166083	0.00000000
7.169835	0.00000000
7.173587	0.00000000
7.177339	0.00000000
7.181091	0.00000000
7.184842	0.00000000
7.188594	0.00000000
7.192346	0.00000000
7.196098	0.00000000
7.199850	0.00000000
7.203602	0.00000000
7.207354	0.00000000
7.211106	0.00000000
7.214857	0.00000000
7.218609	0.00000000
7.222361	0.00000000
7.226113	0.00000000
7.229865	0.00000000
7.233617	0.00000000
7.237369	0.00000000
7.241121	0.00000000
7.244872	0.00000000
7.248624	0.00000000
7.252376	0.00000000
7.256128	0.00000000
7.259880	0.00000000
7.263632	0.00000000
7.267384	0.00000000
7.271136	0.00000000
7.274887	0.00000000
7.278639	0.00000000
7.282391	0.00000000
7.286143	0.00000000
7.289895	0.00000000
7.293647	0.00000000
7.297399	0.00000000
7.301151	0.00000000
7.304902	0.00000000
7.308654	0.00000000
7.312406	0.00000000
7.316158	0.00000000
7.319910	0.00000000
7.323662	0.00000000
7.327414	0.00000000
7.331166	0.00000000
7.334917	0.00000000
7.338669	0.00000000
7.342421	0.00000000
7.346173	0.00000000
7.349925	0.00000000
7.353677	0.00000000
7.357429	0.00000000
7.361181	0.00000000
7.364932	0.00000000
7.368684	0.00000000
7.372436	0.00000000
7.376188	0.00000000
7.379940	0.00000000
7.383692	0.00000000
7.387444	0.00000000
7.391196	0.00000000
7.394947	0.00000000
7.398699	0.00000000
7.402451	0.00000000
7.406203	0.00000000
7.409955	0.00000000
7.413707	0.00000000
7.417459	0.00000000
7.421211	0.00000000
7.424962	0.00000000
7.428714	0.00000000
7.432466	0.00000000
7.436218	0.00000000
7.439970	0.00000000
7.443722	0.00000000
7.447474	0.00000000
7.451226	0.00000000
7.454977	0.00000000
7.458729	0.00000000
7.462481	0.00000000
7.466233	0.00000000
7.469985	0.00000000
7.473737	0.00000000
7.477489	0.00000000
7.481241	0.00000000
7.484992	0.00000000
7.488744	0.00000000
7.492496	0.00000000
7.496248	0.00000000
7.500000	0.00000000
