0.000000	0.00000000
0.003752	0.00000000
0.007504	0.00000000
0.011256	0.00000000
0.015008	0.00000000
0.018759	0.00000000
0.022511	0.00000000
0.026263	0.00000000
0.030015	0.00000000
0.033767	0.00000000
0.037519	0.00000000
0.041271	0.00000000
0.045023	0.00000000
0.048774	0.00000000
0.052526	0.00000000
0.056278	0.00000000
0.060030	0.00000000
0.063782	0.00000000
0.067534	0.00000000
0.071286	0.00000000
0.075038	0.00000000
0.078789	0.00000000
0.082541	0.00000000
0.086293	0.00000000
0.090045	0.00000000
0.093797	0.00000000
0.097549	0.00000000
0.101301	0.00000000
0.105053	0.00000000
0.108804	0.00000000
0.112556	0.00000000
0.116308	0.00000000
0.120060	0.00000000
0.123812	0.00000000
0.127564	0.00000000
0.131316	0.00000000
0.135068	0.00000000
0.138819	0.00000000
0.142571	0.00000000
0.146323	0.00000000
0.150075	0.00000000
0.153827	0.00000000
0.157579	0.00000000
0.161331	0.00000000
0.165083	0.00000000
0.168834	0.00000000
0.172586	0.00000000
0.176338	0.00000000
0.180090	0.00000000
0.183842	0.00000000
0.187594	0.00000000
0.191346	0.00000000
0.195098	0.00000000
0.198849	0.00000000
0.202601	0.00000000
0.206353	0.00000000
0.210105	0.00000000
0.213857	0.00000000
0.217609	0.00000000
0.221361	0.00000000
0.225113	0.00000000
0.228864	0.00000000
0.232616	0.00000000
0.236368	0.00000000
0.240120	0.00000000
0.243872	0.00000000
0.247624	0.00000000
0.251376	0.00000000
0.255128	0.00000000
0.258879	0.00000000
0.262631	0.00000000
0.266383	0.00000000
0.270135	0.00000000
0.273887	0.00000000
0.277639	0.00000000
0.281391	0.00000000
0.285143	0.00000000
0.288894	0.00000000
0.292646	0.00000000
0.296398	0.00000000
0.300150	0.00000000
0.303902	0.00000000
0.307654	0.00000000
0.311406	0.00000000
0.315158	0.00000000
0.318909	0.00000000
0.322661	0.00000000
0.326413	0.00000000
0.330165	0.00000000
0.333917	0.00000000
0.337669	0.00000000
0.341421	0.00000000
0.345173	0.00000000
0.348924	0.00000000
0.352676	0.00000000
0.356428	0.00000000
0.360180	0.00000000
0.363932	0.00000000
0.367684	0.00000000
0.371436	0.00000000
0.375188	0.00000000
0.378939	0.00000000
0.382691	0.00000000
0.386443	0.00000000
0.390195	0.00000000
0.393947	0.00000000
0.397699	0.00000000
0.401451	0.00000000
0.405203	0.00000000
0.408954	0.00000000
0.412706	0.00000000
0.416458	0.00000000
0.420210	0.00000000
0.423962	0.00000000
0.427714	0.00000000
0.431466	0.00000000
0.435218	0.00000000
0.438969	0.00000000
0.442721	0.00000000
0.446473	0.00000000
0.450225	0.00000000
0.453977	0.00000000
0.457729	0.00000001
0.461481	0.00000001
0.465233	0.00000001
0.468984	0.00000002
0.472736	0.00000002
0.476488	0.00000004
0.480240	0.00000005
0.483992	0.00000007
0.487744	0.00000010
0.491496	0.00000015
0.495248	0.00000020
0.498999	0.00000029
0.502751	0.00000040
0.506503	0.00000055
0.510255	0.00000076
0.514007	0.00000104
0.517759	0.00000141
0.521511	0.00000191
0.525263	0.00000257
0.529015	0.00000344
0.532766	0.00000457
0.536518	0.00000605
0.540270	0.00000795
0.544022	0.00001040
0.547774	0.00001353
0.551526	0.00001750
0.555278	0.00002250
0.559030	0.00002878
0.562781	0.00003660
0.566533	0.00004628
0.570285	0.00005819
0.574037	0.00007277
0.577789	0.00009049
0.581541	0.00011189
0.585293	0.00013759
0.589045	0.00016825
0.592796	0.00020458
0.596548	0.00024738
0.600300	0.00029748
0.604052	0.00035573
0.607804	0.00042304
0.611556	0.00050029
0.615308	0.00058839
0.619060	0.00068820
0.622811	0.00080051
0.626563	0.00092606
0.630315	0.00106544
0.634067	0.00121915
0.637819	0.00138748
0.641571	0.00157054
0.645323	0.00176824
0.649075	0.00198023
0.652826	0.00220591
0.656578	0.00244442
0.660330	0.00269466
0.664082	0.00295523
0.667834	0.00322454
0.671586	0.00350073
0.675338	0.00378179
0.679090	0.00406555
0.682841	0.00434976
0.686593	0.00463209
0.690345	0.00491024
0.694097	0.00518198
0.697849	0.00544518
0.701601	0.00569789
0.705353	0.00593838
0.709105	0.00616517
0.712856	0.00637706
0.716608	0.00657316
0.720360	0.00675290
0.724112	0.00691597
0.727864	0.00706238
0.731616	0.00719239
0.735368	0.00730644
0.739120	0.00740517
0.742871	0.00748932
0.746623	0.00755969
0.750375	0.00761709
0.754127	0.00766228
0.757879	0.00769593
0.761631	0.00771860
0.765383	0.00773070
0.769135	0.00773247
0.772886	0.00772398
0.776638	0.00770516
0.780390	0.00767582
0.784142	0.00763563
0.787894	0.00758422
0.791646	0.00752121
0.795398	0.00744622
0.799150	0.00735895
0.802901	0.00725920
0.806653	0.00714695
0.810405	0.00702230
0.814157	0.00688558
0.817909	0.00673731
0.821661	0.00657820
0.825413	0.00640918
0.829165	0.00623130
0.832916	0.00604577
0.836668	0.00585389
0.840420	0.00565704
0.844172	0.00545658
0.847924	0.00525389
0.851676	0.00505026
0.855428	0.00484688
0.859180	0.00464485
0.862931	0.00444509
0.866683	0.00424838
0.870435	0.00405534
0.874187	0.00386641
0.877939	0.00368191
0.881691	0.00350201
0.885443	0.00332676
0.889195	0.00315613
0.892946	0.00299002
0.896698	0.00282830
0.900450	0.00267081
0.904202	0.00251740
0.907954	0.00236795
0.911706	0.00222238
0.915458	0.00208063
0.919210	0.00194274
0.922961	0.00180877
0.926713	0.00167884
0.930465	0.00155311
0.934217	0.00143178
0.937969	0.00131507
0.941721	0.00120322
0.945473	0.00109645
0.949225	0.00099498
0.952976	0.00089899
0.956728	0.00080864
0.960480	0.00072404
0.964232	0.00064525
0.967984	0.00057229
0.971736	0.00050509
0.975488	0.00044358
0.979240	0.00038759
0.982991	0.00033695
0.986743	0.00029141
0.990495	0.00025071
0.994247	0.00021457
0.997999	0.00018266
1.001751	0.00015466
1.005503	0.00013026
1.009255	0.00010911
1.013007	0.00009090
1.016758	0.00007532
1.020510	0.00006207
1.024262	0.00005087
1.028014	0.00004146
1.031766	0.00003360
1.035518	0.00002709
1.039270	0.00002171
1.043022	0.00001731
1.046773	0.00001372
1.050525	0.00001082
1.054277	0.00000848
1.058029	0.00000661
1.061781	0.00000512
1.065533	0.00000395
1.069285	0.00000303
1.073037	0.00000231
1.076788	0.00000175
1.080540	0.00000132
1.084292	0.00000099
1.088044	0.00000074
1.091796	0.00000055
1.095548	0.00000040
1.099300	0.00000030
1.103052	0.00000022
1.106803	0.00000016
1.110555	0.00000011
1.114307	0.00000008
1.118059	0.00000006
1.121811	0.00000004
1.125563	0.00000003
1.129315	0.00000002
1.133067	0.00000001
1.136818	0.00000001
1.140570	0.00000001
1.144322	0.00000001
1.148074	0.00000000
1.151826	0.00000000
1.155578	0.00000000
1.159330	0.00000000
1.163082	0.00000001
1.166833	0.00000001
1.170585	0.00000001
1.174337	0.00000002
1.178089	0.00000003
1.181841	0.00000004
1.185593	0.00000006
1.189345	0.00000009
1.193097	0.00000014
1.196848	0.00000020
1.200600	0.00000028
1.204352	0.00000040
1.208104	0.00000056
1.211856	0.00000079
1.215608	0.00000111
1.219360	0.00000154
1.223112	0.00000214
1.226863	0.00000294
1.230615	0.00000402
1.234367	0.00000546
1.238119	0.00000739
1.241871	0.00000993
1.245623	0.00001329
1.249375	0.00001767
1.253127	0.00002336
1.256878	0.00003072
1.260630	0.00004018
1.264382	0.00005225
1.268134	0.00006756
1.271886	0.00008688
1.275638	0.00011109
1.279390	0.00014126
1.283142	0.00017862
1.286893	0.00022459
1.290645	0.00028082
1.294397	0.00034917
1.298149	0.00043173
1.301901	0.00053083
1.305653	0.00064902
1.309405	0.00078910
1.313157	0.00095406
1.316908	0.00114707
1.320660	0.00137141
1.324412	0.00163048
1.328164	0.00192766
1.331916	0.00226629
1.335668	0.00264953
1.339420	0.00308029
1.343172	0.00356109
1.346923	0.00409395
1.350675	0.00468029
1.354427	0.00532075
1.358179	0.00601509
1.361931	0.00676211
1.365683	0.00755950
1.369435	0.00840378
1.373187	0.00929026
1.376938	0.01021300
1.380690	0.01116480
1.384442	0.01213731
1.388194	0.01312103
1.391946	0.01410552
1.395698	0.01507950
1.399450	0.01603109
1.403202	0.01694805
1.406953	0.01781801
1.410705	0.01862879
1.414457	0.01936868
1.418209	0.02002671
1.421961	0.02059299
1.425713	0.02105895
1.429465	0.02141759
1.433217	0.02166367
1.436968	0.02179391
1.440720	0.02180706
1.444472	0.02170400
1.448224	0.02148769
1.451976	0.02116317
1.455728	0.02073739
1.459480	0.02021909
1.463232	0.01961856
1.466983	0.01894741
1.470735	0.01821827
1.474487	0.01744452
1.478239	0.01663994
1.481991	0.01581842
1.485743	0.01499366
1.489495	0.01417885
1.493247	0.01338645
1.496998	0.01262789
1.500750	0.01191343
1.504502	0.01125197
1.508254	0.01065090
1.512006	0.01011606
1.515758	0.00965166
1.519510	0.00926028
1.523262	0.00894292
1.527014	0.00869901
1.530765	0.00852655
1.534517	0.00842218
1.538269	0.00838135
1.542021	0.00839841
1.545773	0.00846686
1.549525	0.00857942
1.553277	0.00872827
1.557029	0.00890522
1.560780	0.00910186
1.564532	0.00930976
1.568284	0.00952060
1.572036	0.00972638
1.575788	0.00991949
1.579540	0.01009293
1.583292	0.01024034
1.587044	0.01035616
1.590795	0.01043569
1.594547	0.01047513
1.598299	0.01047165
1.602051	0.01042338
1.605803	0.01032943
1.609555	0.01018987
1.613307	0.01000566
1.617059	0.00977861
1.620810	0.00951130
1.624562	0.00920700
1.628314	0.00886954
1.632066	0.00850325
1.635818	0.00811280
1.639570	0.00770312
1.643322	0.00727926
1.647074	0.00684630
1.650825	0.00640926
1.654577	0.00597296
1.658329	0.00554198
1.662081	0.00512058
1.665833	0.00471262
1.669585	0.00432156
1.673337	0.00395036
1.677089	0.00360154
1.680840	0.00327712
1.684592	0.00297863
1.688344	0.00270713
1.692096	0.00246326
1.695848	0.00224718
1.699600	0.00205872
1.703352	0.00189731
1.707104	0.00176207
1.710855	0.00165184
1.714607	0.00156522
1.718359	0.00150057
1.722111	0.00145612
1.725863	0.00142992
1.729615	0.00141993
1.733367	0.00142405
1.737119	0.00144010
1.740870	0.00146592
1.744622	0.00149932
1.748374	0.00153819
1.752126	0.00158045
1.755878	0.00162412
1.759630	0.00166734
1.763382	0.00170838
1.767134	0.00174566
1.770885	0.00177778
1.774637	0.00180353
1.778389	0.00182189
1.782141	0.00183207
1.785893	0.00183348
1.789645	0.00182577
1.793397	0.00180878
1.797149	0.00178256
1.800900	0.00174738
1.804652	0.00170367
1.808404	0.00165201
1.812156	0.00159314
1.815908	0.00152791
1.819660	0.00145723
1.823412	0.00138210
1.827164	0.00130355
1.830915	0.00122261
1.834667	0.00114029
1.838419	0.00105756
1.842171	0.00097534
1.845923	0.00089448
1.849675	0.00081572
1.853427	0.00073973
1.857179	0.00066706
1.860930	0.00059815
1.864682	0.00053336
1.868434	0.00047292
1.872186	0.00041698
1.875938	0.00036561
1.879690	0.00031878
1.883442	0.00027641
1.887194	0.00023837
1.890945	0.00020445
1.894697	0.00017445
1.898449	0.00014811
1.902201	0.00012519
1.905953	0.00010542
1.909705	0.00008856
1.913457	0.00007437
1.917209	0.00006263
1.920960	0.00005319
1.924712	0.00004589
1.928464	0.00004067
1.932216	0.00003749
1.935968	0.00003641
1.939720	0.00003755
1.943472	0.00004114
1.947224	0.00004752
1.950975	0.00005716
1.954727	0.00007068
1.958479	0.00008886
1.962231	0.00011270
1.965983	0.00014341
1.969735	0.00018247
1.973487	0.00023164
1.977239	0.00029301
1.980990	0.00036903
1.984742	0.00046253
1.988494	0.00057675
1.992246	0.00071538
1.995998	0.00088256
1.999750	0.00108290
2.003502	0.00132143
2.007254	0.00160366
2.011006	0.00193545
2.014757	0.00232303
2.018509	0.00277287
2.022261	0.00329157
2.026013	0.00388578
2.029765	0.00456199
2.033517	0.00532638
2.037269	0.00618464
2.041021	0.00714168
2.044772	0.00820148
2.048524	0.00936681
2.052276	0.01063898
2.056028	0.01201764
2.059780	0.01350055
2.063532	0.01508338
2.067284	0.01675960
2.071036	0.01852035
2.074787	0.02035440
2.078539	0.02224819
2.082291	0.02418589
2.086043	0.02614959
2.089795	0.02811952
2.093547	0.03007440
2.097299	0.03199175
2.101051	0.03384839
2.104802	0.03562090
2.108554	0.03728614
2.112306	0.03882180
2.116058	0.04020693
2.119810	0.04142243
2.123562	0.04245162
2.127314	0.04328057
2.131066	0.04389852
2.134817	0.04429818
2.138569	0.04447583
2.142321	0.04443148
2.146073	0.04416884
2.149825	0.04369514
2.153577	0.04302099
2.157329	0.04216002
2.161081	0.04112852
2.164832	0.03994498
2.168584	0.03862961
2.172336	0.03720384
2.176088	0.03568978
2.179840	0.03410974
2.183592	0.03248572
2.187344	0.03083898
2.191096	0.02918966
2.194847	0.02755645
2.198599	0.02595634
2.202351	0.02440440
2.206103	0.02291373
2.209855	0.02149533
2.213607	0.02015813
2.217359	0.01890907
2.221111	0.01775317
2.224862	0.01669366
2.228614	0.01573212
2.232366	0.01486868
2.236118	0.01410215
2.239870	0.01343023
2.243622	0.01284959
2.247374	0.01235612
2.251126	0.01194496
2.254877	0.01161071
2.258629	0.01134746
2.262381	0.01114892
2.266133	0.01100849
2.269885	0.01091931
2.273637	0.01087439
2.277389	0.01086659
2.281141	0.01088878
2.284892	0.01093382
2.288644	0.01099471
2.292396	0.01106464
2.296148	0.01113707
2.299900	0.01120581
2.303652	0.01126516
2.307404	0.01130992
2.311156	0.01133553
2.314907	0.01133814
2.318659	0.01131465
2.322411	0.01126277
2.326163	0.01118107
2.329915	0.01106898
2.333667	0.01092678
2.337419	0.01075560
2.341171	0.01055734
2.344922	0.01033462
2.348674	0.01009069
2.352426	0.00982932
2.356178	0.00955469
2.359930	0.00927126
2.363682	0.00898364
2.367434	0.00869643
2.371186	0.00841409
2.374937	0.00814083
2.378689	0.00788048
2.382441	0.00763637
2.386193	0.00741123
2.389945	0.00720715
2.393697	0.00702552
2.397449	0.00686698
2.401201	0.00673145
2.404952	0.00661811
2.408704	0.00652549
2.412456	0.00645147
2.416208	0.00639344
2.419960	0.00634832
2.423712	0.00631271
2.427464	0.00628298
2.431216	0.00625541
2.434967	0.00622630
2.438719	0.00619209
2.442471	0.00614944
2.446223	0.00609537
2.449975	0.00602731
2.453727	0.00594315
2.457479	0.00584134
2.461231	0.00572087
2.464982	0.00558130
2.468734	0.00542275
2.472486	0.00524585
2.476238	0.00505176
2.479990	0.00484203
2.483742	0.00461860
2.487494	0.00438371
2.491246	0.00413982
2.494997	0.00388953
2.498749	0.00363548
2.502501	0.00338035
2.506253	0.00312671
2.510005	0.00287701
2.513757	0.00263351
2.517509	0.00239825
2.521261	0.00217303
2.525013	0.00195938
2.528764	0.00175855
2.532516	0.00157154
2.536268	0.00139905
2.540020	0.00124157
2.543772	0.00109935
2.547524	0.00097247
2.551276	0.00086082
2.555028	0.00076416
2.558779	0.00068215
2.562531	0.00061438
2.566283	0.00056039
2.570035	0.00051970
2.573787	0.00049182
2.577539	0.00047629
2.581291	0.00047268
2.585043	0.00048061
2.588794	0.00049978
2.592546	0.00052994
2.596298	0.00057093
2.600050	0.00062272
2.603802	0.00068535
2.607554	0.00075904
2.611306	0.00084413
2.615058	0.00094116
2.618809	0.00105090
2.622561	0.00117436
2.626313	0.00131286
2.630065	0.00146807
2.633817	0.00164207
2.637569	0.00183743
2.641321	0.00205722
2.645073	0.00230509
2.648824	0.00258537
2.652576	0.00290304
2.656328	0.00326380
2.660080	0.00367411
2.663832	0.00414112
2.667584	0.00467271
2.671336	0.00527740
2.675088	0.00596424
2.678839	0.00674269
2.682591	0.00762250
2.686343	0.00861342
2.690095	0.00972501
2.693847	0.01096635
2.697599	0.01234572
2.701351	0.01387028
2.705103	0.01554569
2.708854	0.01737576
2.712606	0.01936214
2.716358	0.02150389
2.720110	0.02379729
2.723862	0.02623548
2.727614	0.02880833
2.731366	0.03150232
2.735118	0.03430045
2.738869	0.03718234
2.742621	0.04012441
2.746373	0.04310009
2.750125	0.04608023
2.753877	0.04903356
2.757629	0.05192726
2.761381	0.05472757
2.765133	0.05740054
2.768884	0.05991272
2.772636	0.06223195
2.776388	0.06432811
2.780140	0.06617386
2.783892	0.06774527
2.787644	0.06902244
2.791396	0.06998999
2.795148	0.07063741
2.798899	0.07095932
2.802651	0.07095557
2.806403	0.07063119
2.810155	0.06999621
2.813907	0.06906535
2.817659	0.06785757
2.821411	0.06639555
2.825163	0.06470506
2.828914	0.06281429
2.832666	0.06075313
2.836418	0.05855241
2.840170	0.05624326
2.843922	0.05385641
2.847674	0.05142153
2.851426	0.04896678
2.855178	0.04651827
2.858929	0.04409977
2.862681	0.04173241
2.866433	0.03943453
2.870185	0.03722161
2.873937	0.03510628
2.877689	0.03309844
2.881441	0.03120537
2.885193	0.02943197
2.888944	0.02778096
2.892696	0.02625316
2.896448	0.02484777
2.900200	0.02356259
2.903952	0.02239431
2.907704	0.02133870
2.911456	0.02039085
2.915208	0.01954533
2.918959	0.01879632
2.922711	0.01813776
2.926463	0.01756344
2.930215	0.01706703
2.933967	0.01664221
2.937719	0.01628264
2.941471	0.01598200
2.945223	0.01573407
2.948974	0.01553268
2.952726	0.01537177
2.956478	0.01524542
2.960230	0.01514785
2.963982	0.01507347
2.967734	0.01501694
2.971486	0.01497313
2.975238	0.01493726
2.978989	0.01490486
2.982741	0.01487185
2.986493	0.01483456
2.990245	0.01478976
2.993997	0.01473470
2.997749	0.01466711
3.001501	0.01458520
3.005253	0.01448768
3.009005	0.01437373
3.012756	0.01424300
3.016508	0.01409556
3.020260	0.01393188
3.024012	0.01375276
3.027764	0.01355929
3.031516	0.01335280
3.035268	0.01313480
3.039020	0.01290687
3.042771	0.01267067
3.046523	0.01242780
3.050275	0.01217981
3.054027	0.01192809
3.057779	0.01167386
3.061531	0.01141811
3.065283	0.01116159
3.069035	0.01090477
3.072786	0.01064787
3.076538	0.01039086
3.080290	0.01013344
3.084042	0.00987512
3.087794	0.00961526
3.091546	0.00935307
3.095298	0.00908772
3.099050	0.00881836
3.102801	0.00854422
3.106553	0.00826461
3.110305	0.00797902
3.114057	0.00768715
3.117809	0.00738897
3.121561	0.00708471
3.125313	0.00677489
3.129065	0.00646038
3.132816	0.00614232
3.136568	0.00582216
3.140320	0.00550160
3.144072	0.00518260
3.147824	0.00486730
3.151576	0.00455802
3.155328	0.00425715
3.159080	0.00396721
3.162831	0.00369068
3.166583	0.00343006
3.170335	0.00318778
3.174087	0.00296621
3.177839	0.00276757
3.181591	0.00259397
3.185343	0.00244741
3.189095	0.00232969
3.192846	0.00224253
3.196598	0.00218748
3.200350	0.00216602
3.204102	0.00217949
3.207854	0.00222922
3.211606	0.00231648
3.215358	0.00244257
3.219110	0.00260885
3.222861	0.00281677
3.226613	0.00306793
3.230365	0.00336416
3.234117	0.00370753
3.237869	0.00410044
3.241621	0.00454566
3.245373	0.00504641
3.249125	0.00560635
3.252876	0.00622968
3.256628	0.00692113
3.260380	0.00768597
3.264132	0.00853003
3.267884	0.00945963
3.271636	0.01048154
3.275388	0.01160289
3.279140	0.01283106
3.282891	0.01417349
3.286643	0.01563754
3.290395	0.01723022
3.294147	0.01895800
3.297899	0.02082650
3.301651	0.02284019
3.305403	0.02500216
3.309155	0.02731375
3.312906	0.02977431
3.316658	0.03238093
3.320410	0.03512819
3.324162	0.03800804
3.327914	0.04100957
3.331666	0.04411906
3.335418	0.04731993
3.339170	0.05059284
3.342921	0.05391587
3.346673	0.05726478
3.350425	0.06061333
3.354177	0.06393370
3.357929	0.06719698
3.361681	0.07037363
3.365433	0.07343411
3.369185	0.07634942
3.372936	0.07909167
3.376688	0.08163472
3.380440	0.08395463
3.384192	0.08603021
3.387944	0.08784341
3.391696	0.08937968
3.395448	0.09062822
3.399200	0.09158214
3.402951	0.09223849
3.406703	0.09259827
3.410455	0.09266624
3.414207	0.09245071
3.417959	0.09196322
3.421711	0.09121816
3.425463	0.09023232
3.429215	0.08902447
3.432966	0.08761478
3.436718	0.08602442
3.440470	0.08427501
3.444222	0.08238818
3.447974	0.08038519
3.451726	0.07828652
3.455478	0.07611160
3.459230	0.07387856
3.462981	0.07160406
3.466733	0.06930317
3.470485	0.06698934
3.474237	0.06467441
3.477989	0.06236867
3.481741	0.06008095
3.485493	0.05781879
3.489245	0.05558852
3.492996	0.05339552
3.496748	0.05124431
3.500500	0.04913877
3.504252	0.04708226
3.508004	0.04507779
3.511756	0.04312809
3.515508	0.04123575
3.519260	0.03940328
3.523012	0.03763314
3.526763	0.03592775
3.530515	0.03428956
3.534267	0.03272096
3.538019	0.03122428
3.541771	0.02980175
3.545523	0.02845547
3.549275	0.02718729
3.553027	0.02599880
3.556778	0.02489125
3.560530	0.02386548
3.564282	0.02292190
3.568034	0.02206036
3.571786	0.02128018
3.575538	0.02058008
3.579290	0.01995814
3.583042	0.01941179
3.586793	0.01893780
3.590545	0.01853231
3.594297	0.01819083
3.598049	0.01790825
3.601801	0.01767895
3.605553	0.01749680
3.609305	0.01735529
3.613057	0.01724756
3.616808	0.01716657
3.620560	0.01710515
3.624312	0.01705613
3.628064	0.01701246
3.631816	0.01696733
3.635568	0.01691428
3.639320	0.01684729
3.643072	0.01676090
3.646823	0.01665029
3.650575	0.01651134
3.654327	0.01634069
3.658079	0.01613579
3.661831	0.01589492
3.665583	0.01561719
3.669335	0.01530254
3.673087	0.01495171
3.676838	0.01456622
3.680590	0.01414832
3.684342	0.01370094
3.688094	0.01322764
3.691846	0.01273253
3.695598	0.01222026
3.699350	0.01169590
3.703102	0.01116494
3.706853	0.01063321
3.710605	0.01010687
3.714357	0.00959232
3.718109	0.00909622
3.721861	0.00862545
3.725613	0.00818706
3.729365	0.00778831
3.733117	0.00743658
3.736868	0.00713944
3.740620	0.00690458
3.744372	0.00673978
3.748124	0.00665292
3.751876	0.00665195
3.755628	0.00674481
3.759380	0.00693939
3.763132	0.00724347
3.766883	0.00766462
3.770635	0.00821014
3.774387	0.00888689
3.778139	0.00970122
3.781891	0.01065879
3.785643	0.01176447
3.789395	0.01302216
3.793147	0.01443467
3.796898	0.01600355
3.800650	0.01772898
3.804402	0.01960966
3.808154	0.02164270
3.811906	0.02382355
3.815658	0.02614601
3.819410	0.02860217
3.823162	0.03118249
3.826913	0.03387587
3.830665	0.03666974
3.834417	0.03955026
3.838169	0.04250246
3.841921	0.04551048
3.845673	0.04855779
3.849425	0.05162748
3.853177	0.05470247
3.856928	0.05776580
3.860680	0.06080088
3.864432	0.06379172
3.868184	0.06672315
3.871936	0.06958103
3.875688	0.07235236
3.879440	0.07502545
3.883192	0.07758997
3.886943	0.08003705
3.890695	0.08235926
3.894447	0.08455062
3.898199	0.08660657
3.901951	0.08852390
3.905703	0.09030068
3.909455	0.09193619
3.913207	0.09343078
3.916958	0.09478581
3.920710	0.09600353
3.924462	0.09708693
3.928214	0.09803969
3.931966	0.09886601
3.935718	0.09957051
3.939470	0.10015812
3.943222	0.10063394
3.946973	0.10100315
3.950725	0.10127082
3.954477	0.10144182
3.958229	0.10152068
3.961981	0.10151149
3.965733	0.10141771
3.969485	0.10124214
3.973237	0.10098676
3.976988	0.10065269
3.980740	0.10024016
3.984492	0.09974842
3.988244	0.09917583
3.991996	0.09851986
3.995748	0.09777721
3.999500	0.09694389
4.003252	0.09601543
4.007004	0.09498705
4.010755	0.09385388
4.014507	0.09261121
4.018259	0.09125473
4.022011	0.08978083
4.025763	0.08818684
4.029515	0.08647128
4.033267	0.08463411
4.037019	0.08267692
4.040770	0.08060310
4.044522	0.07841795
4.048274	0.07612878
4.052026	0.07374489
4.055778	0.07127758
4.059530	0.06874000
4.063282	0.06614702
4.067034	0.06351505
4.070785	0.06086174
4.074537	0.05820568
4.078289	0.05556611
4.082041	0.05296250
4.085793	0.05041420
4.089545	0.04794006
4.093297	0.04555800
4.097049	0.04328467
4.100800	0.04113513
4.104552	0.03912245
4.108304	0.03725754
4.112056	0.03554888
4.115808	0.03400236
4.119560	0.03262123
4.123312	0.03140604
4.127064	0.03035470
4.130815	0.02946263
4.134567	0.02872291
4.138319	0.02812654
4.142071	0.02766278
4.145823	0.02731950
4.149575	0.02708353
4.153327	0.02694116
4.157079	0.02687854
4.160830	0.02688209
4.164582	0.02693900
4.168334	0.02703753
4.172086	0.02716744
4.175838	0.02732025
4.179590	0.02748947
4.183342	0.02767078
4.187094	0.02786210
4.190845	0.02806362
4.194597	0.02827767
4.198349	0.02850862
4.202101	0.02876261
4.205853	0.02904733
4.209605	0.02937161
4.213357	0.02974512
4.217109	0.03017794
4.220860	0.03068016
4.224612	0.03126154
4.228364	0.03193111
4.232116	0.03269685
4.235868	0.03356545
4.239620	0.03454206
4.243372	0.03563014
4.247124	0.03683141
4.250875	0.03814580
4.254627	0.03957152
4.258379	0.04110513
4.262131	0.04274177
4.265883	0.04447526
4.269635	0.04629842
4.273387	0.04820323
4.277139	0.05018115
4.280890	0.05222330
4.284642	0.05432071
4.288394	0.05646450
4.292146	0.05864605
4.295898	0.06085711
4.299650	0.06308990
4.303402	0.06533714
4.307154	0.06759204
4.310905	0.06984830
4.314657	0.07210005
4.318409	0.07434175
4.322161	0.07656818
4.325913	0.07877426
4.329665	0.08095508
4.333417	0.08310571
4.337169	0.08522128
4.340920	0.08729681
4.344672	0.08932730
4.348424	0.09130769
4.352176	0.09323284
4.355928	0.09509763
4.359680	0.09689693
4.363432	0.09862567
4.367184	0.10027888
4.370935	0.10185166
4.374687	0.10333928
4.378439	0.10473714
4.382191	0.10604076
4.385943	0.10724579
4.389695	0.10834799
4.393447	0.10934324
4.397199	0.11022748
4.400950	0.11099677
4.404702	0.11164731
4.408454	0.11217546
4.412206	0.11257786
4.415958	0.11285153
4.419710	0.11299400
4.423462	0.11300349
4.427214	0.11287906
4.430965	0.11262087
4.434717	0.11223029
4.438469	0.11171017
4.442221	0.11106495
4.445973	0.11030081
4.449725	0.10942575
4.453477	0.10844963
4.457229	0.10738413
4.460980	0.10624268
4.464732	0.10504030
4.468484	0.10379339
4.472236	0.10251945
4.475988	0.10123678
4.479740	0.09996412
4.483492	0.09872029
4.487244	0.09752378
4.490995	0.09639239
4.494747	0.09534286
4.498499	0.09439051
4.502251	0.09354894
4.506003	0.09282976
4.509755	0.09224237
4.513507	0.09179383
4.517259	0.09148869
4.521011	0.09132896
4.524762	0.09131413
4.528514	0.09144116
4.532266	0.09170461
4.536018	0.09209674
4.539770	0.09260770
4.543522	0.09322571
4.547274	0.09393728
4.551026	0.09472750
4.554777	0.09558026
4.558529	0.09647855
4.562281	0.09740477
4.566033	0.09834102
4.569785	0.09926942
4.573537	0.10017237
4.577289	0.10103289
4.581041	0.10183487
4.584792	0.10256335
4.588544	0.10320470
4.592296	0.10374692
4.596048	0.10417971
4.599800	0.10449469
4.603552	0.10468544
4.607304	0.10474759
4.611056	0.10467885
4.614807	0.10447897
4.618559	0.10414970
4.622311	0.10369475
4.626063	0.10311964
4.629815	0.10243165
4.633567	0.10163961
4.637319	0.10075384
4.641071	0.09978595
4.644822	0.09874873
4.648574	0.09765599
4.652326	0.09652245
4.656078	0.09536357
4.659830	0.09419546
4.663582	0.09303471
4.667334	0.09189830
4.671086	0.09080346
4.674837	0.08976751
4.678589	0.08880777
4.682341	0.08794135
4.686093	0.08718503
4.689845	0.08655508
4.693597	0.08606704
4.697349	0.08573558
4.701101	0.08557424
4.704852	0.08559527
4.708604	0.08580940
4.712356	0.08622564
4.716108	0.08685110
4.719860	0.08769083
4.723612	0.08874764
4.727364	0.09002201
4.731116	0.09151203
4.734867	0.09321330
4.738619	0.09511901
4.742371	0.09721992
4.746123	0.09950450
4.749875	0.10195908
4.753627	0.10456801
4.757379	0.10731394
4.761131	0.11017803
4.764882	0.11314030
4.768634	0.11617995
4.772386	0.11927565
4.776138	0.12240592
4.779890	0.12554948
4.783642	0.12868551
4.787394	0.13179399
4.791146	0.13485595
4.794897	0.13785369
4.798649	0.14077095
4.802401	0.14359305
4.806153	0.14630697
4.809905	0.14890136
4.813657	0.15136655
4.817409	0.15369451
4.821161	0.15587871
4.824912	0.15791409
4.828664	0.15979688
4.832416	0.16152452
4.836168	0.16309553
4.839920	0.16450942
4.843672	0.16576661
4.847424	0.16686843
4.851176	0.16781704
4.854927	0.16861556
4.858679	0.16926806
4.862431	0.16977968
4.866183	0.17015675
4.869935	0.17040694
4.873687	0.17053932
4.877439	0.17056457
4.881191	0.17049500
4.884942	0.17034465
4.888694	0.17012926
4.892446	0.16986630
4.896198	0.16957476
4.899950	0.16927507
4.903702	0.16898879
4.907454	0.16873834
4.911206	0.16854661
4.914957	0.16843657
4.918709	0.16843078
4.922461	0.16855094
4.926213	0.16881737
4.929965	0.16924856
4.933717	0.16986068
4.937469	0.17066712
4.941221	0.17167820
4.944972	0.17290075
4.948724	0.17433794
4.952476	0.17598912
4.956228	0.17784971
4.959980	0.17991128
4.963732	0.18216167
4.967484	0.18458519
4.971236	0.18716301
4.974987	0.18987350
4.978739	0.19269282
4.982491	0.19559547
4.986243	0.19855494
4.989995	0.20154447
4.993747	0.20453783
4.997499	0.20751008
5.001251	0.21043842
5.005003	0.21330303
5.008754	0.21608787
5.012506	0.21878144
5.016258	0.22137747
5.020010	0.22387560
5.023762	0.22628189
5.027514	0.22860921
5.031266	0.23087755
5.035018	0.23311412
5.038769	0.23535332
5.042521	0.23763649
5.046273	0.24001157
5.050025	0.24253248
5.053777	0.24525838
5.057529	0.24825273
5.061281	0.25158226
5.065033	0.25531575
5.068784	0.25952271
5.072536	0.26427202
5.076288	0.26963047
5.080040	0.27566135
5.083792	0.28242302
5.087544	0.28996754
5.091296	0.29833946
5.095048	0.30757466
5.098799	0.31769940
5.102551	0.32872958
5.106303	0.34067021
5.110055	0.35351506
5.113807	0.36724665
5.117559	0.38183642
5.121311	0.39724522
5.125063	0.41342392
5.128814	0.43031444
5.132566	0.44785077
5.136318	0.46596032
5.140070	0.48456534
5.143822	0.50358446
5.147574	0.52293430
5.151326	0.54253104
5.155078	0.56229205
5.158829	0.58213740
5.162581	0.60199122
5.166333	0.62178301
5.170085	0.64144865
5.173837	0.66093132
5.177589	0.68018208
5.181341	0.69916030
5.185093	0.71783380
5.188844	0.73617876
5.192596	0.75417943
5.196348	0.77182761
5.200100	0.78912195
5.203852	0.80606713
5.207604	0.82267295
5.211356	0.83895330
5.215108	0.85492516
5.218859	0.87060757
5.222611	0.88602067
5.226363	0.90118487
5.230115	0.91612001
5.233867	0.93084479
5.237619	0.94537623
5.241371	0.95972935
5.245123	0.97391696
5.248874	0.98794963
5.252626	1.00183567
5.256378	1.01558141
5.260130	1.02919136
5.263882	1.04266855
5.267634	1.05601489
5.271386	1.06923148
5.275138	1.08231900
5.278889	1.09527797
5.282641	1.10810907
5.286393	1.12081333
5.290145	1.13339230
5.293897	1.14584818
5.297649	1.15818383
5.301401	1.17040281
5.305153	1.18250936
5.308904	1.19450831
5.312656	1.20640497
5.316408	1.21820510
5.320160	1.22991476
5.323912	1.24154020
5.327664	1.25308779
5.331416	1.26456390
5.335168	1.27597482
5.338919	1.28732663
5.342671	1.29862518
5.346423	1.30987589
5.350175	1.32108371
5.353927	1.33225297
5.357679	1.34338720
5.361431	1.35448899
5.365183	1.36555979
5.368934	1.37659971
5.372686	1.38760727
5.376438	1.39857922
5.380190	1.40951028
5.383942	1.42039295
5.387694	1.43121734
5.391446	1.44197099
5.395198	1.45263878
5.398949	1.46320291
5.402701	1.47364290
5.406453	1.48393567
5.410205	1.49405573
5.413957	1.50397544
5.417709	1.51366525
5.421461	1.52309414
5.425213	1.53223002
5.428964	1.54104022
5.432716	1.54949198
5.436468	1.55755296
5.440220	1.56519175
5.443972	1.57237837
5.447724	1.57908474
5.451476	1.58528503
5.455228	1.59095609
5.458979	1.59607768
5.462731	1.60063267
5.466483	1.60460724
5.470235	1.60799087
5.473987	1.61077638
5.477739	1.61295984
5.481491	1.61454040
5.485243	1.61552019
5.488994	1.61590397
5.492746	1.61569895
5.496498	1.61491438
5.500250	1.61356130
5.504002	1.61165207
5.507754	1.60919998
5.511506	1.60621886
5.515258	1.60272253
5.519010	1.59872435
5.522761	1.59423672
5.526513	1.58927048
5.530265	1.58383447
5.534017	1.57793490
5.537769	1.57157490
5.541521	1.56475402
5.545273	1.55746786
5.549025	1.54970767
5.552776	1.54146017
5.556528	1.53270747
5.560280	1.52342707
5.564032	1.51359207
5.567784	1.50317160
5.571536	1.49213134
5.575288	1.48043425
5.579040	1.46804150
5.582791	1.45491351
5.586543	1.44101112
5.590295	1.42629685
5.594047	1.41073629
5.597799	1.39429936
5.601551	1.37696173
5.605303	1.35870598
5.609055	1.33952279
5.612806	1.31941193
5.616558	1.29838304
5.620310	1.27645619
5.624062	1.25366228
5.627814	1.23004304
5.631566	1.20565093
5.635318	1.18054866
5.639070	1.15480853
5.642821	1.12851153
5.646573	1.10174620
5.650325	1.07460739
5.654077	1.04719482
5.657829	1.01961156
5.661581	0.99196244
5.665333	0.96435250
5.669085	0.93688534
5.672836	0.90966160
5.676588	0.88277755
5.680340	0.85632367
5.684092	0.83038353
5.687844	0.80503266
5.691596	0.78033776
5.695348	0.75635594
5.699100	0.73313428
5.702851	0.71070952
5.706603	0.68910795
5.710355	0.66834548
5.714107	0.64842796
5.717859	0.62935154
5.721611	0.61110331
5.725363	0.59366196
5.729115	0.57699861
5.732866	0.56107772
5.736618	0.54585805
5.740370	0.53129362
5.744122	0.51733478
5.747874	0.50392917
5.751626	0.49102270
5.755378	0.47856054
5.759130	0.46648794
5.762881	0.45475108
5.766633	0.44329782
5.770385	0.43207836
5.774137	0.42104588
5.777889	0.41015700
5.781641	0.39937232
5.785393	0.38865674
5.789145	0.37797988
5.792896	0.36731631
5.796648	0.35664578
5.800400	0.34595342
5.804152	0.33522989
5.807904	0.32447141
5.811656	0.31367976
5.815408	0.30286231
5.819160	0.29203179
5.822911	0.28120615
5.826663	0.27040822
5.830415	0.25966537
5.834167	0.24900898
5.837919	0.23847393
5.841671	0.22809788
5.845423	0.21792059
5.849175	0.20798311
5.852926	0.19832696
5.856678	0.18899321
5.860430	0.18002171
5.864182	0.17145016
5.867934	0.16331337
5.871686	0.15564247
5.875438	0.14846435
5.879190	0.14180106
5.882941	0.13566941
5.886693	0.13008070
5.890445	0.12504058
5.894197	0.12054898
5.897949	0.11660027
5.901701	0.11318347
5.905453	0.11028256
5.909205	0.10787688
5.912956	0.10594166
5.916708	0.10444846
5.920460	0.10336579
5.924212	0.10265962
5.927964	0.10229395
5.931716	0.10223132
5.935468	0.10243332
5.939220	0.10286107
5.942971	0.10347563
5.946723	0.10423837
5.950475	0.10511136
5.954227	0.10605769
5.957979	0.10704174
5.961731	0.10802949
5.965483	0.10898879
5.969235	0.10988962
5.972986	0.11070436
5.976738	0.11140803
5.980490	0.11197857
5.984242	0.11239706
5.987994	0.11264794
5.991746	0.11271925
5.995498	0.11260273
5.999250	0.11229399
6.003002	0.11179254
6.006753	0.11110178
6.010505	0.11022893
6.014257	0.10918487
6.018009	0.10798387
6.021761	0.10664326
6.025513	0.10518306
6.029265	0.10362548
6.033017	0.10199438
6.036768	0.10031473
6.040520	0.09861195
6.044272	0.09691137
6.048024	0.09523755
6.051776	0.09361377
6.055528	0.09206144
6.059280	0.09059965
6.063032	0.08924477
6.066783	0.08801012
6.070535	0.08690572
6.074287	0.08593817
6.078039	0.08511061
6.081791	0.08442275
6.085543	0.08387100
6.089295	0.08344870
6.093047	0.08314640
6.096798	0.08295221
6.100550	0.08285218
6.104302	0.08283074
6.108054	0.08287117
6.111806	0.08295607
6.115558	0.08306777
6.119310	0.08318888
6.123062	0.08330264
6.126813	0.08339335
6.130565	0.08344675
6.134317	0.08345029
6.138069	0.08339339
6.141821	0.08326766
6.145573	0.08306701
6.149325	0.08278767
6.153077	0.08242827
6.156828	0.08198970
6.160580	0.08147498
6.164332	0.08088910
6.168084	0.08023878
6.171836	0.07953214
6.175588	0.07877843
6.179340	0.07798768
6.183092	0.07717033
6.186843	0.07633690
6.190595	0.07549764
6.194347	0.07466222
6.198099	0.07383947
6.201851	0.07303709
6.205603	0.07226149
6.209355	0.07151767
6.213107	0.07080909
6.216858	0.07013768
6.220610	0.06950386
6.224362	0.06890661
6.228114	0.06834364
6.231866	0.06781150
6.235618	0.06730579
6.239370	0.06682140
6.243122	0.06635270
6.246873	0.06589381
6.250625	0.06543876
6.254377	0.06498172
6.258129	0.06451717
6.261881	0.06404003
6.265633	0.06354579
6.269385	0.06303058
6.273137	0.06249115
6.276888	0.06192498
6.280640	0.06133012
6.284392	0.06070523
6.288144	0.06004947
6.291896	0.05936236
6.295648	0.05864375
6.299400	0.05789364
6.303152	0.05711212
6.306903	0.05629927
6.310655	0.05545505
6.314407	0.05457929
6.318159	0.05367162
6.321911	0.05273144
6.325663	0.05175796
6.329415	0.05075024
6.333167	0.04970720
6.336918	0.04862771
6.340670	0.04751068
6.344422	0.04635516
6.348174	0.04516040
6.351926	0.04392597
6.355678	0.04265188
6.359430	0.04133861
6.363182	0.03998720
6.366933	0.03859934
6.370685	0.03717733
6.374437	0.03572419
6.378189	0.03424357
6.381941	0.03273977
6.385693	0.03121769
6.389445	0.02968277
6.393197	0.02814087
6.396948	0.02659824
6.400700	0.02506136
6.404452	0.02353686
6.408204	0.02203140
6.411956	0.02055152
6.415708	0.01910359
6.419460	0.01769363
6.423212	0.01632726
6.426963	0.01500961
6.430715	0.01374520
6.434467	0.01253795
6.438219	0.01139107
6.441971	0.01030707
6.445723	0.00928775
6.449475	0.00833417
6.453227	0.00744672
6.456978	0.00662510
6.460730	0.00586843
6.464482	0.00517522
6.468234	0.00454352
6.471986	0.00397091
6.475738	0.00345463
6.479490	0.00299163
6.483242	0.00257864
6.486993	0.00221224
6.490745	0.00188892
6.494497	0.00160517
6.498249	0.00135749
6.502001	0.00114248
6.505753	0.00095684
6.509505	0.00079744
6.513257	0.00066132
6.517009	0.00054572
6.520760	0.00044808
6.524512	0.00036607
6.528264	0.00029756
6.532016	0.00024065
6.535768	0.00019364
6.539520	0.00015502
6.543272	0.00012346
6.547024	0.00009783
6.550775	0.00007711
6.554527	0.00006047
6.558279	0.00004718
6.562031	0.00003661
6.565783	0.00002827
6.569535	0.00002171
6.573287	0.00001658
6.577039	0.00001260
6.580790	0.00000953
6.584542	0.00000716
6.588294	0.00000536
6.592046	0.00000399
6.595798	0.00000295
6.599550	0.00000217
6.603302	0.00000159
6.607054	0.00000116
6.610805	0.00000084
6.614557	0.00000060
6.618309	0.00000043
6.622061	0.00000031
6.625813	0.00000022
6.629565	0.00000015
6.633317	0.00000011
6.637069	0.00000008
6.640820	0.00000005
6.644572	0.00000004
6.648324	0.00000002
6.652076	0.00000002
6.655828	0.00000001
6.659580	0.00000001
6.663332	0.00000001
6.667084	0.00000000
6.670835	0.00000000
6.674587	0.00000000
6.678339	0.00000000
6.682091	0.00000000
6.685843	0.00000000
6.689595	0.00000000
6.693347	0.00000000
6.697099	0.00000000
6.700850	0.00000000
6.704602	0.00000000
6.708354	0.00000000
6.712106	0.00000000
6.715858	0.00000000
6.719610	0.00000000
6.723362	0.00000000
6.727114	0.00000000
6.730865	0.00000000
6.734617	0.00000000
6.738369	0.00000000
6.742121	0.00000000
6.745873	0.00000000
6.749625	0.00000000
6.753377	0.00000000
6.757129	0.00000000
6.760880	0.00000000
6.764632	0.00000000
6.768384	0.00000000
6.772136	0.00000000
6.775888	0.00000000
6.779640	0.00000000
6.783392	0.00000000
6.787144	0.00000000
6.790895	0.00000000
6.794647	0.00000000
6.798399	0.00000000
6.802151	0.00000000
6.805903	0.00000000
6.809655	0.00000000
6.813407	0.00000000
6.817159	0.00000000
6.820910	0.00000000
6.824662	0.00000000
6.828414	0.00000000
6.832166	0.00000000
6.835918	0.00000000
6.839670	0.00000000
6.843422	0.00000000
6.847174	0.00000000
6.850925	0.00000000
6.854677	0.00000000
6.858429	0.00000000
6.862181	0.00000000
6.865933	0.00000000
6.869685	0.00000000
6.873437	0.00000000
6.877189	0.00000000
6.880940	0.00000000
6.884692	0.00000000
6.888444	0.00000000
6.892196	0.00000000
6.895948	0.00000000
6.899700	0.00000000
6.903452	0.00000000
6.907204	0.00000000
6.910955	0.00000000
6.914707	0.00000000
6.918459	0.00000000
6.922211	0.00000000
6.925963	0.00000000
6.929715	0.00000000
6.933467	0.00000000
6.937219	0.00000000
6.940970	0.00000000
6.944722	0.00000000
6.948474	0.00000000
6.952226	0.00000000
6.955978	0.00000000
6.959730	0.00000000
6.963482	0.00000000
6.967234	0.00000000
6.970985	0.00000000
6.974737	0.00000000
6.978489	0.00000000
6.982241	0.00000000
6.985993	0.00000000
6.989745	0.00000000
6.993497	0.00000000
6.997249	0.00000000
7.001001	0.00000000
7.004752	0.00000000
7.008504	0.00000000
7.012256	0.00000000
7.016008	0.00000000
7.019760	0.00000000
7.023512	0.00000000
7.027264	0.00000000
7.031016	0.00000000
7.034767	0.00000000
7.038519	0.00000000
7.042271	0.00000000
7.046023	0.00000000
7.049775	0.00000000
7.053527	0.00000000
7.057279	0.00000000
7.061031	0.00000000
7.064782	0.00000000
7.068534	0.00000000
7.072286	0.00000000
7.076038	0.00000000
7.079790	0.00000000
7.083542	0.00000000
7.087294	0.00000000
7.091046	0.00000000
7.094797	0.00000000
7.098549	0.00000000
7.102301	0.00000000
7.106053	0.00000000
7.109805	0.00000000
7.113557	0.00000000
7.117309	0.00000000
7.121061	0.00000000
7.124812	0.00000000
7.128564	0.00000000
7.132316	0.00000000
7.136068	0.00000000
7.139820	0.00000000
7.143572	0.00000000
7.147324	0.00000000
7.151076	0.00000000
7.154827	0.00000000
7.158579	0.00000000
7.162331	0.00000000
7.166083	0.00000000
7.169835	0.00000000
7.173587	0.00000000
7.177339	0.00000000
7.181091	0.00000000
7.184842	0.00000000
7.188594	0.00000000
7.192346	0.00000000
7.196098	0.00000000
7.199850	0.00000000
7.203602	0.00000000
7.207354	0.00000000
7.211106	0.00000000
7.214857	0.00000000
7.218609	0.00000000
7.222361	0.00000000
7.226113	0.00000000
7.229865	0.00000000
7.233617	0.00000000
7.237369	0.00000000
7.241121	0.00000000
7.244872	0.00000000
7.248624	0.00000000
7.252376	0.00000000
7.256128	0.00000000
7.259880	0.00000000
7.263632	0.00000000
7.267384	0.00000000
7.271136	0.00000000
7.274887	0.00000000
7.278639	0.00000000
7.282391	0.00000000
7.286143	0.00000000
7.289895	0.00000000
7.293647	0.00000000
7.297399	0.00000000
7.301151	0.00000000
7.304902	0.00000000
7.308654	0.00000000
7.312406	0.00000000
7.316158	0.00000000
7.319910	0.00000000
7.323662	0.00000000
7.327414	0.00000000
7.331166	0.00000000
7.334917	0.00000000
7.338669	0.00000000
7.342421	0.00000000
7.346173	0.00000000
7.349925	0.00000000
7.353677	0.00000000
7.357429	0.00000000
7.361181	0.00000000
7.364932	0.00000000
7.368684	0.00000000
7.372436	0.00000000
7.376188	0.00000000
7.379940	0.00000000
7.383692	0.00000000
7.387444	0.00000000
7.391196	0.00000000
7.394947	0.00000000
7.398699	0.00000000
7.402451	0.00000000
7.406203	0.00000000
7.409955	0.00000000
7.413707	0.00000000
7.417459	0.00000000
7.421211	0.00000000
7.424962	0.00000000
7.428714	0.00000000
7.432466	0.00000000
7.436218	0.00000000
7.439970	0.00000000
7.443722	0.00000000
7.447474	0.00000000
7.451226	0.00000000
7.454977	0.00000000
7.458729	0.00000000
7.462481	0.00000000
7.466233	0.00000000
7.469985	0.00000000
7.473737	0.00000000
7.477489	0.00000000
7.481241	0.00000000
7.484992	0.00000000
7.488744	0.00000000
7.492496	0.00000000
7.496248	0.00000000
7.500000	0.00000000
